---si---
       1.0
     5.185712925    -0.010521735    -0.010521764
    -0.010521735     5.185712926    -0.010521768
    -0.010521764    -0.010521768     5.185712912
     8
Direct
     0.004145405     0.004145395     0.004145373
     0.264699118     0.264699118     0.264699149
     0.527497611     0.527497615     0.003859272
     0.787201256     0.787201254     0.266824760
     0.527497627     0.003859285     0.527497616
     0.787201260     0.266824725     0.787201246
     0.003859292     0.527497628     0.527497613
     0.266824721     0.787201261     0.787201251
---si---
       1.0
     5.185681171    -0.010528103    -0.010528143
    -0.010528103     5.185681170    -0.010528144
    -0.010528143    -0.010528144     5.185681178
     8
Direct
     0.004151734     0.004151720     0.004151701
     0.264682043     0.264682046     0.264682077
     0.527509887     0.527509890     0.003856738
     0.787196187     0.787196182     0.266823597
     0.527509905     0.003856771     0.527509896
     0.787196190     0.266823587     0.787196193
     0.003856780     0.527509909     0.527509894
     0.266823580     0.787196196     0.787196199
---si---
       1.0
     5.242771045    -0.027373069    -0.027373172
    -0.027373069     5.242771041    -0.027373175
    -0.027373172    -0.027373175     5.242771063
     8
Direct
     0.010794508     0.010794473     0.010794423
     0.265649039     0.265649048     0.265649128
     0.526477162     0.526477170     0.010027520
     0.779137270     0.779137257     0.271217081
     0.526477210     0.010027606     0.526477185
     0.779137279     0.271217054     0.779137287
     0.010027628     0.526477221     0.526477180
     0.271217035     0.779137293     0.779137302
---si---
       1.0
     5.334114843    -0.054325014    -0.054325218
    -0.054325014     5.334114836    -0.054325224
    -0.054325218    -0.054325224     5.334114880
     8
Direct
     0.021422946     0.021422876     0.021422778
     0.267196233     0.267196252     0.267196410
     0.524824802     0.524824819     0.019900770
     0.766243003     0.766242977     0.278246655
     0.524824897     0.019900940     0.524824848
     0.766243022     0.278246602     0.766243037
     0.019900984     0.524824919     0.524824838
     0.278246564     0.766243049     0.766243068
---si---
       1.0
     5.325328880    -0.051732623    -0.051732818
    -0.051732623     5.325328874    -0.051732824
    -0.051732818    -0.051732824     5.325328915
     8
Direct
     0.020400643     0.020400576     0.020400483
     0.267047415     0.267047433     0.267047583
     0.524983736     0.524983751     0.018951105
     0.767483247     0.767483222     0.277570511
     0.524983826     0.018951267     0.524983779
     0.767483265     0.277570460     0.767483279
     0.018951309     0.524983846     0.524983770
     0.277570424     0.767483290     0.767483308
---si---
       1.0
     5.434339188    -0.022959114    -0.022958742
    -0.022959114     5.434339172    -0.022958687
    -0.022958742    -0.022958687     5.434339377
     8
Direct
     0.016338897     0.016338934     0.016339022
     0.275427114     0.275427093     0.275427069
     0.516007537     0.516007535     0.023551512
     0.771975787     0.771975775     0.277694479
     0.516007633     0.023551414     0.516007665
     0.771975861     0.277694605     0.771975660
     0.023551417     0.516007652     0.516007663
     0.277694605     0.771975881     0.771975679
---si---
       1.0
     5.409064781    -0.029630349    -0.029630109
    -0.029630349     5.409064767    -0.029630067
    -0.029630109    -0.029630067     5.409064935
     8
Direct
     0.017280627     0.017280639     0.017280685
     0.273484253     0.273484241     0.273484257
     0.518088699     0.518088701     0.022484892
     0.770934176     0.770934161     0.277665737
     0.518088794     0.022484854     0.518088808
     0.770934237     0.277665822     0.770934086
     0.022484867     0.518088813     0.518088803
     0.277665814     0.770934259     0.770934107
---si---
       1.0
     5.491250293    -0.014536456    -0.014537049
    -0.014536456     5.491250382    -0.014537055
    -0.014537049    -0.014537055     5.491250589
     8
Direct
     0.019667229     0.019667260     0.019667165
     0.266385424     0.266385444     0.266385800
     0.521713753     0.521713736     0.025398750
     0.773180190     0.773180196     0.267664953
     0.521713922     0.025398695     0.521713599
     0.773179963     0.267664583     0.773180181
     0.025398723     0.521713990     0.521713609
     0.267664571     0.773180043     0.773180172
---si---
       1.0
     5.446823376    -0.022695743    -0.022695885
    -0.022695743     5.446823409    -0.022695865
    -0.022695885    -0.022695865     5.446823595
     8
Direct
     0.018377106     0.018377128     0.018377109
     0.270222829     0.270222831     0.270223004
     0.519754162     0.519754156     0.023823610
     0.771966065     0.771966060     0.273071064
     0.519754291     0.023823564     0.519754150
     0.771965994     0.273070940     0.771966012
     0.023823584     0.519754332     0.519754153
     0.273070930     0.771966043     0.771966020
---si---
       1.0
     5.441500443     0.001166556     0.001167134
     0.001166556     5.441500452     0.001167015
     0.001167134     0.001167015     5.441500382
     8
Direct
     0.020408606     0.020408635     0.020408780
     0.267467850     0.267467870     0.267467711
     0.523182612     0.523182656     0.018032513
     0.770953080     0.770953122     0.274725112
     0.523182425     0.018032258     0.523182997
     0.770953651     0.274725806     0.770953444
     0.018032211     0.523182335     0.523183157
     0.274725755     0.770953696     0.770953545
---si---
       1.0
     5.445229683    -0.015551342    -0.015551268
    -0.015551342     5.445229710    -0.015551290
    -0.015551268    -0.015551290     5.445229819
     8
Direct
     0.018985340     0.018985363     0.018985394
     0.269397985     0.269397992     0.269398066
     0.520780644     0.520780653     0.022089748
     0.771662776     0.771662785     0.273566288
     0.520780678     0.022089640     0.520780751
     0.771662897     0.273566409     0.771662848
     0.022089640     0.520780680     0.520780801
     0.273566386     0.771662945     0.771662883
---si---
       1.0
     5.441267800    -0.003034624    -0.003034913
    -0.003034624     5.441267788    -0.003034896
    -0.003034913    -0.003034896     5.441267750
     8
Direct
     0.019314385     0.019314470     0.019314395
     0.270190386     0.270190370     0.270190466
     0.521182808     0.521182791     0.021998567
     0.771212181     0.771212168     0.272618743
     0.521183050     0.021998855     0.521183071
     0.771212149     0.272618703     0.771212409
     0.021998831     0.521183068     0.521183153
     0.272618699     0.771212173     0.771212392
---si---
       1.0
     5.434928788     0.016992125     0.016991255
     0.016992125     5.434928712     0.016991334
     0.016991255     0.016991334     5.434928440
     8
Direct
     0.019840856     0.019841041     0.019840798
     0.271458227     0.271458173     0.271458306
     0.521826269     0.521826212     0.021852676
     0.770491230     0.770491182     0.271102672
     0.521826844     0.021853599     0.521826782
     0.770490953     0.271102375     0.770491707
     0.021853538     0.521826889     0.521826916
     0.271102400     0.770490938     0.770491607
---si---
       1.0
     5.440520705    -0.000674337    -0.000674695
    -0.000674337     5.440520685    -0.000674671
    -0.000674695    -0.000674671     5.440520620
     8
Direct
     0.019376433     0.019376530     0.019376435
     0.270339809     0.270339789     0.270339889
     0.521258644     0.521258622     0.021981373
     0.771127213     0.771127195     0.272440064
     0.521258925     0.021981735     0.521258936
     0.771127151     0.272439994     0.771127470
     0.021981707     0.521258947     0.521259025
     0.272439993     0.771127171     0.771127443
---si---
       1.0
     5.440493221     0.008655626     0.008656294
     0.008655626     5.440493230     0.008656109
     0.008656294     0.008656109     5.440493183
     8
Direct
     0.021805394     0.021805301     0.021805983
     0.270072950     0.270073077     0.270073453
     0.521304237     0.521304231     0.022324807
     0.770618709     0.770618720     0.270922901
     0.521303941     0.022323737     0.521304101
     0.770619068     0.270923246     0.770618761
     0.022323641     0.521303859     0.521304068
     0.270923320     0.770619194     0.770618835
---si---
       1.0
     5.440510434     0.002812493     0.002812518
     0.002812493     5.440510424     0.002812464
     0.002812518     0.002812464     5.440510366
     8
Direct
     0.020284193     0.020284220     0.020284415
     0.270240078     0.270240112     0.270240316
     0.521275683     0.521275668     0.022109722
     0.770937173     0.770937166     0.271873064
     0.521275749     0.022109550     0.521275816
     0.770937268     0.271873149     0.770937353
     0.022109496     0.521275732     0.521275858
     0.271873177     0.770937328     0.770937364
