---si---
       1.0
     5.760510169     0.004737588     0.004737627
     0.004737588     5.760510164     0.004737631
     0.004737627     0.004737631     5.760510166
     8
Direct
    -0.004113538    -0.004113536    -0.004113531
     0.233943117     0.233943119     0.233943119
     0.469458603     0.469458605    -0.005068642
     0.707457415     0.707457412     0.235195297
     0.469458614    -0.005068629     0.469458616
     0.707457407     0.235195302     0.707457396
    -0.005068624     0.469458621     0.469458623
     0.235195303     0.707457399     0.707457389
---si---
       1.0
     5.697326439     0.012317729     0.012317829
     0.012317729     5.697326426     0.012317841
     0.012317829     0.012317841     5.697326433
     8
Direct
    -0.010695199    -0.010695195    -0.010695180
     0.233079690     0.233079696     0.233079695
     0.470247540     0.470247544    -0.013178468
     0.713872037     0.713872030     0.236335359
     0.470247568    -0.013178436     0.470247573
     0.713872017     0.236335371     0.713871988
    -0.013178422     0.470247588     0.470247592
     0.236335374     0.713871995     0.713871971
---si---
       1.0
     5.596232471     0.024445955     0.024446154
     0.024445955     5.596232445     0.024446177
     0.024446154     0.024446177     5.596232459
     8
Direct
    -0.021225857    -0.021225848    -0.021225819
     0.231698208     0.231698220     0.231698217
     0.471509840     0.471509848    -0.026154190
     0.724135433     0.724135419     0.238159457
     0.471509896    -0.026154128     0.471509905
     0.724135393     0.238159482     0.724135336
    -0.026154100     0.471509934     0.471509942
     0.238159487     0.724135349     0.724135301
---si---
       1.0
     5.473463422     0.039174537     0.039174855
     0.039174537     5.473463381     0.039174892
     0.039174855     0.039174892     5.473463404
     8
Direct
    -0.034014343    -0.034014328    -0.034014283
     0.230020528     0.230020548     0.230020543
     0.473042783     0.473042795    -0.041911976
     0.736599355     0.736599333     0.240374652
     0.473042873    -0.041911876     0.473042887
     0.736599292     0.240374691     0.736599199
    -0.041911831     0.473042934     0.473042946
     0.240374700     0.736599221     0.736599144
---si---
       1.0
     5.572029553     0.027349575     0.027349797
     0.027349575     5.572029525     0.027349823
     0.027349797     0.027349823     5.572029541
     8
Direct
    -0.023747003    -0.023746992    -0.023746961
     0.231367467     0.231367480     0.231367477
     0.471812047     0.471812056    -0.029260709
     0.726592594     0.726592578     0.238596165
     0.471812110    -0.029260639     0.471812120
     0.726592549     0.238596192     0.726592485
    -0.029260608     0.471812152     0.471812161
     0.238596198     0.726592500     0.726592446
---si---
       1.0
     5.449260489     0.002669557     0.002669275
     0.002669557     5.449260465     0.002669222
     0.002669275     0.002669222     5.449260499
     8
Direct
    -0.026114627    -0.026114626    -0.026114674
     0.224624595     0.224624634     0.224624660
     0.478373857     0.478373842    -0.026193826
     0.729110928     0.729110953     0.226466350
     0.478374049    -0.026193730     0.478373779
     0.729110951     0.226466311     0.729110960
    -0.026193687     0.478374072     0.478373837
     0.226466309     0.729110915     0.729110936
---si---
       1.0
     5.453535220     0.003528898     0.003528633
     0.003528898     5.453535195     0.003528583
     0.003528633     0.003528583     5.453535229
     8
Direct
    -0.026032188    -0.026032186    -0.026032232
     0.224859377     0.224859415     0.224859440
     0.478145380     0.478145365    -0.026300613
     0.729023241     0.729023265     0.226888701
     0.478145567    -0.026300517     0.478145307
     0.729023262     0.226888664     0.729023269
    -0.026300475     0.478145590     0.478145364
     0.226888663     0.729023226     0.729023244
---si---
       1.0
     5.437316733    -0.018724297    -0.018723417
    -0.018724297     5.437316863    -0.018723225
    -0.018723417    -0.018723225     5.437316862
     8
Direct
    -0.015680914    -0.015680895    -0.015680817
     0.229359179     0.229359044     0.229358816
     0.474444055     0.474444096    -0.011926548
     0.718301676     0.718301526     0.226552310
     0.474443740    -0.011926602     0.474444671
     0.718302040     0.226552928     0.718301710
    -0.011926685     0.474443770     0.474444444
     0.226553020     0.718302098     0.718301863
---si---
       1.0
     5.450061787    -0.001236959    -0.001236979
    -0.001236959     5.450061795    -0.001236977
    -0.001236979    -0.001236977     5.450061821
     8
Direct
    -0.023815306    -0.023815301    -0.023815320
     0.225823078     0.225823078     0.225823049
     0.477352685     0.477352682    -0.023222190
     0.726727056     0.726727043     0.226816658
     0.477352765    -0.023222127     0.477352760
     0.726727150     0.226816761     0.726727085
    -0.023222111     0.477352790     0.477352756
     0.226816780     0.726727135     0.726727099
---si---
       1.0
     5.431890141     0.004516491     0.004516355
     0.004516491     5.431890258     0.004516062
     0.004516355     0.004516062     5.431890245
     8
Direct
    -0.023727589    -0.023727648    -0.023727490
     0.228180385     0.228180437     0.228180656
     0.474885457     0.474885354    -0.022626045
     0.727065136     0.727065118     0.228060005
     0.474885734    -0.022625918     0.474885412
     0.727065026     0.228059840     0.727065094
    -0.022625955     0.474885751     0.474885548
     0.228059735     0.727065075     0.727065060
---si---
       1.0
     5.445208791     0.000299581     0.000299530
     0.000299581     5.445208828     0.000299453
     0.000299530     0.000299453     5.445208844
     8
Direct
    -0.023791880    -0.023791892    -0.023791864
     0.226452630     0.226452644     0.226452682
     0.476693777     0.476693747    -0.023062981
     0.726817345     0.726817330     0.227148711
     0.476693909    -0.023062901     0.476693820
     0.726817385     0.227148743     0.726817355
    -0.023062899     0.476693932     0.476693853
     0.227148729     0.726817387     0.726817356
