---si---
       1.0
     5.085214163    -0.011586107    -0.011586111
    -0.011586107     5.085214160    -0.011586114
    -0.011586111    -0.011586114     5.085214154
     8
Direct
     0.003578343     0.003578340     0.003578338
     0.269927366     0.269927366     0.269927371
     0.537959903     0.537959903     0.003500116
     0.802799966     0.802799967     0.273158967
     0.537959904     0.003500133     0.537959902
     0.802799965     0.273158967     0.802799958
     0.003500134     0.537959903     0.537959904
     0.273158963     0.802799964     0.802799961
---si---
       1.0
     5.141556824    -0.030123879    -0.030123889
    -0.030123879     5.141556816    -0.030123896
    -0.030123889    -0.030123896     5.141556800
     8
Direct
     0.009303692     0.009303685     0.009303678
     0.270920062     0.270920062     0.270920075
     0.536913571     0.536913569     0.009100301
     0.794606644     0.794606646     0.279322226
     0.536913573     0.009100345     0.536913567
     0.794606642     0.279322225     0.794606623
     0.009100347     0.536913569     0.536913571
     0.279322214     0.794606639     0.794606631
---si---
       1.0
     5.231705081    -0.059784313    -0.059784334
    -0.059784313     5.231705066    -0.059784348
    -0.059784334    -0.059784348     5.231705035
     8
Direct
     0.018464250     0.018464236     0.018464223
     0.272508375     0.272508376     0.272508401
     0.535239439     0.535239435     0.018060598
     0.781497328     0.781497332     0.289183440
     0.535239442     0.018060684     0.535239431
     0.781497325     0.289183438     0.781497287
     0.018060689     0.535239435     0.535239439
     0.289183416     0.781497320     0.781497303
---si---
       1.0
     5.338598835    -0.094954324    -0.094954356
    -0.094954324     5.338598811    -0.094954380
    -0.094954356    -0.094954380     5.338598762
     8
Direct
     0.029326429     0.029326406     0.029326385
     0.274391726     0.274391727     0.274391767
     0.533254328     0.533254322     0.028685315
     0.765952891     0.765952897     0.300876424
     0.533254333     0.028685452     0.533254316
     0.765952886     0.300876422     0.765952826
     0.028685460     0.533254322     0.533254329
     0.300876386     0.765952877     0.765952851
---si---
       1.0
     5.292879160    -0.079911710    -0.079911738
    -0.079911710     5.292879140    -0.079911757
    -0.079911738    -0.079911757     5.292879099
     8
Direct
     0.024680551     0.024680532     0.024680514
     0.273586195     0.273586196     0.273586230
     0.534103382     0.534103377     0.024141003
     0.772601424     0.772601429     0.295875202
     0.534103387     0.024141118     0.534103373
     0.772601419     0.295875200     0.772601369
     0.024141124     0.534103378     0.534103383
     0.295875170     0.772601412     0.772601390
---si---
       1.0
     5.399772768    -0.057496924    -0.057496935
    -0.057496924     5.399772757    -0.057496932
    -0.057496935    -0.057496932     5.399772853
     8
Direct
     0.021480992     0.021480980     0.021480959
     0.280115355     0.280115348     0.280115298
     0.525480658     0.525480663     0.033673782
     0.777381568     0.777381575     0.290704200
     0.525480687     0.033673977     0.525480693
     0.777381604     0.290704227     0.777381540
     0.033673966     0.525480685     0.525480678
     0.290704243     0.777381629     0.777381554
---si---
       1.0
     5.506666375    -0.035082138    -0.035082133
    -0.035082138     5.506666374    -0.035082108
    -0.035082133    -0.035082108     5.506666606
     8
Direct
     0.018281433     0.018281427     0.018281403
     0.286644514     0.286644500     0.286644366
     0.516857934     0.516857949     0.043206562
     0.782161712     0.782161722     0.285533199
     0.516857988     0.043206836     0.516858013
     0.782161788     0.285533255     0.782161712
     0.043206807     0.516857991     0.516857972
     0.285533315     0.782161846     0.782161719
---si---
       1.0
     5.409869210    -0.055379776    -0.055379786
    -0.055379776     5.409869201    -0.055379781
    -0.055379786    -0.055379781     5.409869309
     8
Direct
     0.021178784     0.021178772     0.021178751
     0.280732055     0.280732048     0.280731989
     0.524666214     0.524666220     0.034574184
     0.777833068     0.777833075     0.290215783
     0.524666246     0.034574386     0.524666253
     0.777833107     0.290215813     0.777833043
     0.034574373     0.524666244     0.524666236
     0.290215832     0.777833136     0.777833056
---si---
       1.0
     5.488641896    -0.022302386    -0.022302847
    -0.022302386     5.488641908    -0.022302839
    -0.022302847    -0.022302839     5.488642174
     8
Direct
     0.025490165     0.025490095     0.025490097
     0.265460186     0.265460173     0.265460242
     0.531981206     0.531981220     0.031745877
     0.785101961     0.785102003     0.274944069
     0.531981071     0.031745918     0.531980763
     0.785102064     0.274944098     0.785101974
     0.031745848     0.531981140     0.531980773
     0.274944117     0.785101975     0.785101901
---si---
       1.0
     5.441076359    -0.042275601    -0.042275790
    -0.042275601     5.441076358    -0.042275784
    -0.042275790    -0.042275784     5.441076529
     8
Direct
     0.022886811     0.022886776     0.022886764
     0.274681842     0.274681833     0.274681825
     0.527564173     0.527564183     0.033453702
     0.780712765     0.780712785     0.284165632
     0.527564139     0.033453840     0.527564022
     0.780712829     0.284165661     0.780712754
     0.033453804     0.527564165     0.527564015
     0.284165681     0.780712811     0.780712734
---si---
       1.0
     5.449849860     0.009267042     0.009267895
     0.009267042     5.449850014     0.009267718
     0.009267895     0.009267718     5.449849970
     8
Direct
     0.024945358     0.024945419     0.024945709
     0.276652511     0.276652588     0.276651655
     0.529553137     0.529553033     0.028024754
     0.779267135     0.779267187     0.284334954
     0.529553467     0.028024926     0.529553638
     0.779267010     0.284335557     0.779266738
     0.028024853     0.529553521     0.529553680
     0.284335516     0.779267080     0.779266678
---si---
       1.0
     5.445504992    -0.016258230    -0.016257892
    -0.016258230     5.445505069    -0.016257979
    -0.016257892    -0.016257979     5.445505131
     8
Direct
     0.023925911     0.023925925     0.023926066
     0.275676584     0.275676619     0.275676143
     0.528568150     0.528568102     0.030713311
     0.779983049     0.779983085     0.284251101
     0.528568300     0.030713467     0.528568328
     0.779983017     0.284251420     0.779982843
     0.030713412     0.528568340     0.528568346
     0.284251409     0.779983044     0.779982803
---si---
       1.0
     5.446505150     0.006009661     0.006009372
     0.006009661     5.446505275     0.006009264
     0.006009372     0.006009264     5.446505296
     8
Direct
     0.026356380     0.026356458     0.026356270
     0.276499501     0.276499548     0.276499352
     0.529729617     0.529729618     0.030695409
     0.778331163     0.778331196     0.281883806
     0.529729757     0.030695847     0.529729542
     0.778331146     0.281883898     0.778331109
     0.030695739     0.529729829     0.529729581
     0.281883887     0.778331148     0.778331107
---si---
       1.0
     5.446484947     0.005559862     0.005559585
     0.005559862     5.446485072     0.005559478
     0.005559585     0.005559478     5.446485093
     8
Direct
     0.026307286     0.026307362     0.026307181
     0.276482878     0.276482926     0.276482724
     0.529706156     0.529706156     0.030695771
     0.778364530     0.778364563     0.281931624
     0.529706297     0.030696203     0.529706086
     0.778364513     0.281931720     0.778364473
     0.030696096     0.529706368     0.529706125
     0.281931710     0.778364515     0.778364470
---si---
       1.0
     5.437582974     0.004778004     0.004778888
     0.004778004     5.437583127     0.004778588
     0.004778888     0.004778588     5.437583388
     8
Direct
     0.028314283     0.028314326     0.028314519
     0.277426546     0.277426686     0.277426223
     0.527695610     0.527695649     0.032892024
     0.779654299     0.779654497     0.278237664
     0.527695428     0.032891549     0.527695290
     0.779654498     0.278238507     0.779654202
     0.032891613     0.527695495     0.527695320
     0.278238489     0.779654668     0.779654204
---si---
       1.0
     5.443617109     0.005307980     0.005308078
     0.005307980     5.443617242     0.005307909
     0.005308078     0.005307909     5.443617341
     8
Direct
     0.026953855     0.026953921     0.026953861
     0.276786888     0.276786965     0.276786679
     0.529058443     0.529058456     0.031403311
     0.778780039     0.778780125     0.280741587
     0.529058480     0.031403450     0.529058293
     0.778780092     0.280741923     0.778779969
     0.031403399     0.529058550     0.529058329
     0.280741910     0.778780148     0.778779968
---si---
       1.0
     5.439419296     0.002042652     0.002042808
     0.002042652     5.439419379     0.002042775
     0.002042808     0.002042775     5.439419535
     8
Direct
     0.027858660     0.027858765     0.027858530
     0.277282908     0.277283057     0.277283003
     0.528828052     0.528828145     0.030229155
     0.779099099     0.779099018     0.280442274
     0.528828316     0.030229460     0.528827975
     0.779099090     0.280442161     0.779098956
     0.030229213     0.528828430     0.528828041
     0.280442128     0.779099068     0.779099033
