---si---
       1.0
     5.139017145    -0.010818345    -0.010818313
    -0.010818345     5.139017143    -0.010818316
    -0.010818313    -0.010818316     5.139017155
     8
Direct
     0.003676783     0.003676777     0.003676763
     0.267254276     0.267254275     0.267254284
     0.532721500     0.532721501     0.003483694
     0.795178251     0.795178254     0.269784469
     0.532721497     0.003483692     0.532721505
     0.795178260     0.269784479     0.795178249
     0.003483688     0.532721494     0.532721503
     0.269784477     0.795178263     0.795178252
---si---
       1.0
     5.201444576    -0.028127697    -0.028127613
    -0.028127697     5.201444571    -0.028127621
    -0.028127613    -0.028127621     5.201444602
     8
Direct
     0.009559635     0.009559619     0.009559584
     0.268194451     0.268194448     0.268194471
     0.531742567     0.531742570     0.009057605
     0.787463454     0.787463461     0.274772952
     0.531742558     0.009057600     0.531742579
     0.787463476     0.274772978     0.787463448
     0.009057589     0.531742551     0.531742574
     0.274772974     0.787463483     0.787463456
---si---
       1.0
     5.301328467    -0.055822660    -0.055822494
    -0.055822660     5.301328456    -0.055822509
    -0.055822494    -0.055822509     5.301328517
     8
Direct
     0.018972198     0.018972167     0.018972097
     0.269698731     0.269698724     0.269698771
     0.530176274     0.530176280     0.017975862
     0.775119777     0.775119791     0.282754525
     0.530176255     0.017975852     0.530176297
     0.775119821     0.282754576     0.775119767
     0.017975831     0.530176242     0.530176289
     0.282754569     0.775119836     0.775119782
---si---
       1.0
     5.409280548    -0.085754702    -0.085754447
    -0.085754702     5.409280532    -0.085754472
    -0.085754447    -0.085754472     5.409280625
     8
Direct
     0.029145068     0.029145020     0.029144913
     0.271324520     0.271324510     0.271324581
     0.528483463     0.528483472     0.027614498
     0.761779032     0.761779054     0.291380816
     0.528483434     0.027614483     0.528483499
     0.761779099     0.291380893     0.761779016
     0.027614449     0.528483413     0.528483485
     0.291380883     0.761779122     0.761779039
---si---
       1.0
     5.357643400    -0.071437189    -0.071436977
    -0.071437189     5.357643386    -0.071436997
    -0.071436977    -0.071436997     5.357643464
     8
Direct
     0.024279039     0.024278999     0.024278909
     0.270546850     0.270546841     0.270546901
     0.529293192     0.529293200     0.023004011
     0.768160364     0.768160382     0.287254568
     0.529293168     0.023003998     0.529293222
     0.768160419     0.287254633     0.768160351
     0.023003971     0.529293151     0.529293211
     0.287254624     0.768160439     0.768160370
---si---
       1.0
     5.465595414    -0.045736030    -0.045735976
    -0.045736030     5.465595399    -0.045735992
    -0.045735976    -0.045735992     5.465595572
     8
Direct
     0.019754219     0.019754210     0.019754130
     0.277246600     0.277246592     0.277246693
     0.521464871     0.521464886     0.027317556
     0.773431849     0.773431861     0.285789463
     0.521464919     0.027317508     0.521464911
     0.773431810     0.285789536     0.773431750
     0.027317506     0.521464938     0.521464935
     0.285789501     0.773431819     0.773431758
---si---
       1.0
     5.573547428    -0.020034872    -0.020034976
    -0.020034872     5.573547412    -0.020034988
    -0.020034976    -0.020034988     5.573547680
     8
Direct
     0.015229399     0.015229422     0.015229351
     0.283946350     0.283946343     0.283946486
     0.513636549     0.513636572     0.031631101
     0.778703334     0.778703339     0.284324357
     0.513636669     0.031631018     0.513636600
     0.778703200     0.284324440     0.778703148
     0.031631041     0.513636725     0.513636659
     0.284324378     0.778703200     0.778703146
---si---
       1.0
     5.477317991    -0.042945125    -0.042945088
    -0.042945125     5.477317976    -0.042945104
    -0.042945088    -0.042945104     5.477318159
     8
Direct
     0.019262866     0.019262861     0.019262781
     0.277974130     0.277974122     0.277974228
     0.520614789     0.520614804     0.027785966
     0.774004282     0.774004294     0.285630366
     0.520614844     0.027785915     0.520614829
     0.774004234     0.285630440     0.774004174
     0.027785915     0.520614867     0.520614858
     0.285630402     0.774004242     0.774004181
---si---
       1.0
     5.571784437    -0.023722251    -0.023722560
    -0.023722251     5.571784474    -0.023722542
    -0.023722560    -0.023722542     5.571784595
     8
Direct
     0.021871983     0.021872000     0.021871907
     0.266518582     0.266518676     0.266518551
     0.527126702     0.527126702     0.030243798
     0.778751028     0.778750999     0.269301460
     0.527126688     0.030243873     0.527126653
     0.778750806     0.269301393     0.778750863
     0.030243892     0.527126745     0.527126635
     0.269301392     0.778750835     0.778750901
---si---
       1.0
     5.520627674    -0.034132085    -0.034132207
    -0.034132085     5.520627683    -0.034132207
    -0.034132207    -0.034132207     5.520627838
     8
Direct
     0.020459058     0.020459063     0.020458978
     0.272722147     0.272722186     0.272722186
     0.523600282     0.523600290     0.028912799
     0.776180506     0.776180498     0.278144113
     0.523600305     0.028912806     0.523600281
     0.776180377     0.278144122     0.776180371
     0.028912815     0.523600344     0.523600288
     0.278144101     0.776180395     0.776180392
---si---
       1.0
     5.525153260     0.010440317     0.010440807
     0.010440317     5.525153285     0.010440890
     0.010440807     0.010440890     5.525153319
     8
Direct
     0.024180567     0.024180641     0.024181027
     0.270797467     0.270797365     0.270797199
     0.526841624     0.526841717     0.020686322
     0.775146864     0.775146819     0.279948855
     0.526841474     0.020686444     0.526841419
     0.775146961     0.279949075     0.775146663
     0.020686088     0.526841476     0.526841443
     0.279949075     0.775146780     0.775146564
---si---
       1.0
     5.522050911    -0.020114656    -0.020114586
    -0.020114656     5.522050925    -0.020114559
    -0.020114586    -0.020114559     5.522051042
     8
Direct
     0.021629423     0.021629450     0.021629513
     0.272116861     0.272116855     0.272116803
     0.524619641     0.524619676     0.026325681
     0.775855439     0.775855420     0.278711680
     0.524619610     0.026325724     0.524619576
     0.775855382     0.278711756     0.775855284
     0.026325619     0.524619637     0.524619588
     0.278711741     0.775855337     0.775855267
---si---
       1.0
     5.520024359    -0.003512646    -0.003512532
    -0.003512646     5.520024370    -0.003512687
    -0.003512532    -0.003512687     5.520024531
     8
Direct
     0.022881684     0.022881728     0.022881662
     0.273226088     0.273226129     0.273226020
     0.525219909     0.525219883     0.026170737
     0.774836886     0.774836981     0.277155436
     0.525220080     0.026170969     0.525219992
     0.774836815     0.277155509     0.774836856
     0.026170911     0.525220066     0.525220026
     0.277155446     0.774836877     0.774836764
---si---
       1.0
     5.516781876     0.023050572     0.023050754
     0.023050572     5.516781882     0.023050308
     0.023050754     0.023050308     5.516782115
     8
Direct
     0.024885302     0.024885373     0.024885101
     0.275000853     0.275000966     0.275000768
     0.526180338     0.526180214     0.025922825
     0.773207200     0.773207480     0.274665445
     0.526180832     0.025923360     0.526180658
     0.773207109     0.274665514     0.773207370
     0.025923379     0.526180752     0.526180725
     0.274665373     0.773207341     0.773207159
---si---
       1.0
     5.519506163     0.000732542     0.000732667
     0.000732542     5.519506173     0.000732465
     0.000732667     0.000732465     5.519506346
     8
Direct
     0.023201892     0.023201940     0.023201841
     0.273509722     0.273509774     0.273509651
     0.525373400     0.525373358     0.026131117
     0.774576438     0.774576563     0.276757499
     0.525373622     0.026131397     0.525373521
     0.774576364     0.276757571     0.774576440
     0.026131352     0.525373597     0.525373559
     0.276757496     0.774576453     0.774576329
---si---
       1.0
     5.517015226     0.007786529     0.007786239
     0.007786529     5.517015475     0.007787142
     0.007786239     0.007787142     5.517015536
     8
Direct
     0.025427878     0.025428009     0.025428623
     0.274868851     0.274868601     0.274869617
     0.523292957     0.523293566     0.026391915
     0.775990533     0.775990233     0.274040430
     0.523292416     0.026391519     0.523292708
     0.775990896     0.274041356     0.775990618
     0.026391203     0.523292776     0.523292609
     0.274041693     0.775990808     0.775990812
---si---
       1.0
     5.518888254     0.002482374     0.002482396
     0.002482374     5.518888324     0.002482468
     0.002482396     0.002482468     5.518888469
     8
Direct
     0.023754076     0.023754145     0.023754223
     0.273846871     0.273846848     0.273847008
     0.524857319     0.524857439     0.026195811
     0.774927222     0.774927242     0.276083495
     0.524857352     0.026195924     0.524857348
     0.774927257     0.276083780     0.774927245
     0.026195811     0.524857423     0.524857353
     0.276083806     0.774927302     0.774927210
