---si---
       1.0
     5.495255778    -0.001678426    -0.001678713
    -0.001678426     5.495255756    -0.001678760
    -0.001678713    -0.001678760     5.495255934
     8
Direct
     0.001008436     0.001008415     0.001008259
     0.250571724     0.250571695     0.250571615
     0.500823933     0.500823926     0.000984482
     0.750366541     0.750366572     0.250595114
     0.500823938     0.000984705     0.500823886
     0.750366558     0.250595132     0.750366673
     0.000984698     0.500823938     0.500823870
     0.250595146     0.750366588     0.750366693
---si---
       1.0
     5.599665022    -0.004363907    -0.004364653
    -0.004363907     5.599664967    -0.004364776
    -0.004364653    -0.004364776     5.599665429
     8
Direct
     0.002621933     0.002621878     0.002621474
     0.250749833     0.250749757     0.250749552
     0.500668929     0.500668911     0.002559654
     0.748743061     0.748743143     0.250810648
     0.500668944     0.002560234     0.500668808
     0.748743107     0.250810696     0.748743405
     0.002560215     0.500668942     0.500668766
     0.250810733     0.748743185     0.748743458
---si---
       1.0
     5.516932419    -0.002235964    -0.002236347
    -0.002235964     5.516932391    -0.002236410
    -0.002236347    -0.002236410     5.516932628
     8
Direct
     0.001343418     0.001343390     0.001343183
     0.250608701     0.250608663     0.250608557
     0.500791752     0.500791743     0.001311507
     0.750029486     0.750029528     0.250639861
     0.500791760     0.001311805     0.500791690
     0.750029510     0.250639886     0.750029663
     0.001311795     0.500791759     0.500791669
     0.250639905     0.750029550     0.750029690
---si---
       1.0
     5.549038904     0.017832983     0.017838618
     0.017832983     5.549039042     0.017839193
     0.017838618     0.017839193     5.549039606
     8
Direct
    -0.004897202    -0.004896975    -0.004894345
     0.253447801     0.253448148     0.253447747
     0.498006767     0.498006819    -0.004548410
     0.756361825     0.756361533     0.253183795
     0.498006393    -0.004550690     0.498007820
     0.756361597     0.253185103     0.756359115
    -0.004550831     0.498006621     0.498007616
     0.253184984     0.756361021     0.756358773
---si---
       1.0
     5.520254639    -0.000159329    -0.000159089
    -0.000159329     5.520254628    -0.000159086
    -0.000159089    -0.000159086     5.520254898
     8
Direct
     0.000697669     0.000697668     0.000697754
     0.250902477     0.250902478     0.250902343
     0.500503576     0.500503573     0.000705152
     0.750684725     0.750684733     0.250903095
     0.500503544     0.000705183     0.500503629
     0.750684723     0.250903252     0.750684603
     0.000705159     0.500503566     0.500503589
     0.250903257     0.750684699     0.750684592
---si---
       1.0
     5.524465312     0.003158083     0.003158742
     0.003158083     5.524465331     0.003158855
     0.003158742     0.003158855     5.524465604
     8
Direct
     0.000140835     0.000140881     0.000141072
     0.250661705     0.250661763     0.250662095
     0.500764187     0.500764152     0.000195657
     0.751295000     0.751294935     0.250635025
     0.500764119     0.000195528     0.500763962
     0.751294959     0.250635085     0.751294687
     0.000195429     0.500764140     0.500763982
     0.250635051     0.751294889     0.751294634
---si---
       1.0
     5.519270511    -0.000934683    -0.000934540
    -0.000934683     5.519270492    -0.000934564
    -0.000934540    -0.000934564     5.519270762
     8
Direct
     0.000827814     0.000827801     0.000827863
     0.250958751     0.250958739     0.250958494
     0.500442665     0.500442669     0.000824233
     0.750542090     0.750542115     0.250965749
     0.500442641     0.000824301     0.500442783
     0.750542097     0.250965929     0.750542013
     0.000824295     0.500442665     0.500442729
     0.250965943     0.750542084     0.750542011
