---siesta---
       1.0
     5.185712925    -0.010521735    -0.010521764
    -0.010521735     5.185712926    -0.010521768
    -0.010521764    -0.010521768     5.185712912
     8
Direct
     0.004145405     0.004145395     0.004145373
     0.264699118     0.264699118     0.264699149
     0.527497611     0.527497615     0.003859272
     0.787201256     0.787201254     0.266824760
     0.527497627     0.003859285     0.527497616
     0.787201260     0.266824725     0.787201246
     0.003859292     0.527497628     0.527497613
     0.266824721     0.787201261     0.787201251
---siesta---
       1.0
     5.242853606    -0.027356510    -0.027356587
    -0.027356510     5.242853607    -0.027356596
    -0.027356587    -0.027356596     5.242853570
     8
Direct
     0.010778052     0.010778027     0.010777970
     0.265693434     0.265693435     0.265693516
     0.526445246     0.526445255     0.010034108
     0.779150451     0.779150445     0.271220105
     0.526445285     0.010034141     0.526445257
     0.779150461     0.271220013     0.779150423
     0.010034160     0.526445290     0.526445249
     0.271220004     0.779150464     0.779150436
---siesta---
       1.0
     5.334278695    -0.054292151    -0.054292304
    -0.054292151     5.334278698    -0.054292321
    -0.054292304    -0.054292321     5.334278624
     8
Direct
     0.021390288     0.021390238     0.021390125
     0.267284340     0.267284342     0.267284503
     0.524761461     0.524761479     0.019913846
     0.766269162     0.766269151     0.278252656
     0.524761539     0.019913911     0.524761484
     0.766269182     0.278252474     0.766269107
     0.019913949     0.524761548     0.524761467
     0.278252456     0.766269188     0.766269134
---siesta---
       1.0
     5.325747091    -0.051778571    -0.051778718
    -0.051778571     5.325747095    -0.051778734
    -0.051778718    -0.051778734     5.325747024
     8
Direct
     0.020399976     0.020399928     0.020399820
     0.267135880     0.267135882     0.267136035
     0.524918589     0.524918606     0.018991889
     0.767471217     0.767471207     0.277596392
     0.524918663     0.018991951     0.524918610
     0.767471236     0.277596219     0.767471166
     0.018991987     0.524918672     0.524918594
     0.277596202     0.767471243     0.767471191
---siesta---
       1.0
     5.434757325    -0.022898032    -0.022897743
    -0.022898032     5.434757361    -0.022897795
    -0.022897743    -0.022897795     5.434757486
     8
Direct
     0.016332039     0.016332038     0.016331993
     0.275429445     0.275429400     0.275429413
     0.515974411     0.515974399     0.023555215
     0.772024521     0.772024564     0.277656832
     0.515974463     0.023555120     0.515974506
     0.772024511     0.277657014     0.772024489
     0.023555108     0.515974462     0.515974507
     0.277657007     0.772024565     0.772024516
---siesta---
       1.0
     5.409209744    -0.029666460    -0.029666273
    -0.029666460     5.409209772    -0.029666316
    -0.029666273    -0.029666316     5.409209851
     8
Direct
     0.017285398     0.017285386     0.017285327
     0.273485770     0.273485736     0.273485782
     0.518070564     0.518070559     0.022485756
     0.770957411     0.770957442     0.277642667
     0.518070621     0.022485698     0.518070641
     0.770957408     0.277642766     0.770957375
     0.022485697     0.518070622     0.518070638
     0.277642756     0.770957451     0.770957401
---siesta---
       1.0
     5.491083626    -0.014568754    -0.014569048
    -0.014568754     5.491083682    -0.014569030
    -0.014569048    -0.014569030     5.491083792
     8
Direct
     0.019674926     0.019675001     0.019674949
     0.266419764     0.266419760     0.266420093
     0.521712575     0.521712617     0.025362695
     0.773163326     0.773163247     0.267704702
     0.521712734     0.025362592     0.521712534
     0.773163005     0.267704551     0.773163160
     0.025362600     0.521712857     0.521712542
     0.267704498     0.773162974     0.773163118
---siesta---
       1.0
     5.446920721    -0.022712481    -0.022712516
    -0.022712481     5.446920761    -0.022712531
    -0.022712516    -0.022712531     5.446920855
     8
Direct
     0.018386011     0.018386039     0.018385983
     0.270231179     0.270231159     0.270231337
     0.519748068     0.519748085     0.023810870
     0.771973452     0.771973432     0.273065257
     0.519748172     0.023810791     0.519748091
     0.771973302     0.273065240     0.771973355
     0.023810794     0.519748230     0.519748093
     0.273065211     0.771973311     0.771973351
---siesta---
       1.0
     5.441198550     0.001002136     0.001002465
     0.001002136     5.441198633     0.001002168
     0.001002465     0.001002168     5.441198509
     8
Direct
     0.020401655     0.020401519     0.020401631
     0.267494980     0.267495111     0.267495131
     0.523192161     0.523192144     0.018058890
     0.770920798     0.770920904     0.274720612
     0.523191939     0.018058498     0.523192344
     0.770921444     0.274721121     0.770921311
     0.018058514     0.523191861     0.523192383
     0.274721013     0.770921652     0.770921449
---siesta---
       1.0
     5.445200226    -0.015582166    -0.015582092
    -0.015582166     5.445200279    -0.015582191
    -0.015582092    -0.015582191     5.445200307
     8
Direct
     0.018992058     0.018992037     0.018992031
     0.269408481     0.269408507     0.269408637
     0.520783609     0.520783616     0.022081412
     0.771656949     0.771656967     0.273562975
     0.520783616     0.022081239     0.520783681
     0.771657038     0.273563117     0.771657036
     0.022081246     0.520783632     0.520783694
     0.273563064     0.771657107     0.771657074
---siesta---
       1.0
     5.441190702    -0.002985772    -0.002986066
    -0.002985772     5.441190735    -0.002985919
    -0.002986066    -0.002985919     5.441190622
     8
Direct
     0.019311998     0.019312126     0.019312107
     0.270201857     0.270201744     0.270201855
     0.521175412     0.521175426     0.021993628
     0.771218333     0.771218312     0.272615304
     0.521175695     0.021993903     0.521175768
     0.771218303     0.272615316     0.771218514
     0.021993769     0.521175779     0.521175779
     0.272615337     0.771218279     0.771218485
---siesta---
       1.0
     5.434775464     0.017168460     0.017167576
     0.017168460     5.434775465     0.017168116
     0.017167576     0.017168116     5.434775125
     8
Direct
     0.019823903     0.019824268     0.019824229
     0.271471259     0.271470925     0.271471004
     0.521802296     0.521802320     0.021853174
     0.770516548     0.770516464     0.271099029
     0.521803022     0.021854165     0.521803108
     0.770516326     0.271098836     0.770516880
     0.021853807     0.521803214     0.521803116
     0.271098975     0.770516155     0.770516744
---siesta---
       1.0
     5.440466216    -0.000709711    -0.000710072
    -0.000709711     5.440466245    -0.000709881
    -0.000710072    -0.000709881     5.440466106
     8
Direct
     0.019369809     0.019369963     0.019369942
     0.270345213     0.270345076     0.270345183
     0.521246207     0.521246222     0.021977766
     0.771139079     0.771139051     0.272444067
     0.521246540     0.021978122     0.521246615
     0.771139027     0.272444057     0.771139277
     0.021977963     0.521246637     0.521246626
     0.272444091     0.771138987     0.771139236
---siesta---
       1.0
     5.440379119     0.008688060     0.008688963
     0.008688060     5.440379076     0.008688284
     0.008688963     0.008688284     5.440378935
     8
Direct
     0.021754084     0.021753866     0.021754291
     0.270080226     0.270080579     0.270080857
     0.521339374     0.521339262     0.022330221
     0.770601082     0.770601362     0.270929922
     0.521339317     0.022329447     0.521339278
     0.770601670     0.270930225     0.770601464
     0.022329606     0.521339058     0.521339213
     0.270930048     0.770601850     0.770601503
---siesta---
       1.0
     5.440433288     0.002843160     0.002843277
     0.002843160     5.440433291     0.002843139
     0.002843277     0.002843139     5.440433151
     8
Direct
     0.020271195     0.020271208     0.020271357
     0.270245034     0.270245081     0.270245253
     0.521281430     0.521281396     0.022111014
     0.770935687     0.770935775     0.271871638
     0.521281615     0.022110942     0.521281647
     0.770935877     0.271871746     0.770935954
     0.022110903     0.521281577     0.521281629
     0.271871700     0.770935920     0.770935943
