---si---
       1.0
     5.673970431     0.006130269     0.006130299
     0.006130269     5.673970420     0.006130299
     0.006130299     0.006130299     5.673970397
     8
Direct
    -0.004745745    -0.004745742    -0.004745722
     0.237998652     0.237998663     0.237998669
     0.477695484     0.477695484    -0.005533696
     0.720466168     0.720466168     0.239079424
     0.477695476    -0.005533720     0.477695481
     0.720466171     0.239079454     0.720466152
    -0.005533715     0.477695474     0.477695487
     0.239079451     0.720466165     0.720466146
---si---
       1.0
     5.632323119     0.015938700     0.015938779
     0.015938700     5.632323091     0.015938778
     0.015938779     0.015938778     5.632323032
     8
Direct
    -0.012338936    -0.012338929    -0.012338878
     0.237042110     0.237042137     0.237042153
     0.478499487     0.478499486    -0.014387610
     0.727948878     0.727948878     0.239852117
     0.478499466    -0.014387672     0.478499478
     0.727948887     0.239852194     0.727948837
    -0.014387658     0.478499460     0.478499495
     0.239852187     0.727948870     0.727948821
---si---
       1.0
     5.565687421     0.031632189     0.031632345
     0.031632189     5.565687365     0.031632343
     0.031632345     0.031632343     5.565687248
     8
Direct
    -0.024488042    -0.024488029    -0.024487927
     0.235511642     0.235511696     0.235511727
     0.479785891     0.479785890    -0.028553871
     0.739921214     0.739921215     0.241088425
     0.479785849    -0.028553996     0.479785874
     0.739921233     0.241088579     0.739921134
    -0.028553967     0.479785838     0.479785907
     0.241088564     0.739921199     0.739921101
---si---
       1.0
     5.608829681     0.021471680     0.021471786
     0.021471680     5.608829643     0.021471785
     0.021471786     0.021471785     5.608829563
     8
Direct
    -0.016622290    -0.016622281    -0.016622212
     0.236502520     0.236502556     0.236502577
     0.478953028     0.478953027    -0.019382143
     0.732169909     0.732169909     0.240287996
     0.478953000    -0.019382227     0.478953017
     0.732169922     0.240288101     0.732169854
    -0.019382208     0.478952992     0.478953039
     0.240288091     0.732169899     0.732169832
---si---
       1.0
     5.488177325    -0.005865034    -0.005865824
    -0.005865034     5.488177328    -0.005865701
    -0.005865824    -0.005865701     5.488177270
     8
Direct
    -0.020348321    -0.020348263    -0.020348399
     0.227541048     0.227541085     0.227541208
     0.488153482     0.488153479    -0.018310733
     0.735619394     0.735619326     0.226548715
     0.488153563    -0.018310682     0.488153389
     0.735619424     0.226548629     0.735619447
    -0.018310678     0.488153671     0.488153429
     0.226548678     0.735619356     0.735619398
---si---
       1.0
     5.545282661     0.007073563     0.007073197
     0.007073563     5.545282645     0.007073262
     0.007073197     0.007073262     5.545282576
     8
Direct
    -0.018584773    -0.018584738    -0.018584777
     0.231782556     0.231782592     0.231782667
     0.483798863     0.483798861    -0.018817836
     0.733986736     0.733986701     0.233051582
     0.483798893    -0.018817849     0.483798809
     0.733986758     0.233051587     0.733986738
    -0.018817838     0.483798946     0.483798840
     0.233051608     0.733986711     0.733986702
---si---
       1.0
     5.500118278    -0.011492691    -0.011491572
    -0.011492691     5.500118414    -0.011491831
    -0.011491572    -0.011491831     5.500119327
     8
Direct
    -0.012931512    -0.012931699    -0.012931471
     0.234842717     0.234842661     0.234842346
     0.480844015     0.480843978    -0.010933366
     0.728728180     0.728728259     0.233508592
     0.480844397    -0.010933562     0.480844397
     0.728728271     0.233508692     0.728728171
    -0.010933563     0.480844105     0.480844260
     0.233508711     0.728728470     0.728728219
---si---
       1.0
     5.533250575     0.002127392     0.002127422
     0.002127392     5.533250599     0.002127400
     0.002127422     0.002127400     5.533250792
     8
Direct
    -0.017078707    -0.017078731    -0.017078699
     0.232597803     0.232597814     0.232597786
     0.483011672     0.483011661    -0.016717362
     0.732585822     0.732585818     0.233173333
     0.483011796    -0.016717424     0.483011734
     0.732585863     0.233173363     0.732585822
    -0.016717416     0.483011757     0.483011721
     0.233173383     0.732585882     0.732585807
