---si---
       1.0
     5.085258194    -0.011595474    -0.011595473
    -0.011595474     5.085258193    -0.011595475
    -0.011595473    -0.011595475     5.085258195
     8
Direct
     0.003576154     0.003576151     0.003576147
     0.269926482     0.269926482     0.269926468
     0.537956861     0.537956860     0.003494015
     0.802805057     0.802805057     0.273162634
     0.537956861     0.003494020     0.537956861
     0.802805064     0.273162634     0.802805063
     0.003494020     0.537956863     0.537956861
     0.273162633     0.802805065     0.802805065
---si---
       1.0
     5.141671304    -0.030148232    -0.030148229
    -0.030148232     5.141671302    -0.030148235
    -0.030148229    -0.030148235     5.141671308
     8
Direct
     0.009298001     0.009297994     0.009297982
     0.270917765     0.270917764     0.270917728
     0.536905661     0.536905657     0.009084438
     0.794619880     0.794619882     0.279331758
     0.536905661     0.009084453     0.536905661
     0.794619898     0.279331760     0.794619896
     0.009084451     0.536905665     0.536905661
     0.279331758     0.794619903     0.794619902
---si---
       1.0
     5.231932280    -0.059832646    -0.059832639
    -0.059832646     5.231932277    -0.059832651
    -0.059832639    -0.059832651     5.231932288
     8
Direct
     0.018452956     0.018452941     0.018452918
     0.272503816     0.272503816     0.272503744
     0.535223741     0.535223733     0.018029116
     0.781523598     0.781523601     0.289202357
     0.535223741     0.018029146     0.535223741
     0.781523634     0.289202360     0.781523629
     0.018029141     0.535223749     0.535223741
     0.289202356     0.781523642     0.781523641
---si---
       1.0
     5.338826029    -0.094987132    -0.094987121
    -0.094987132     5.338826024    -0.094987140
    -0.094987121    -0.094987140     5.338826042
     8
Direct
     0.029294934     0.029294910     0.029294873
     0.274382137     0.274382136     0.274382022
     0.533231887     0.533231874     0.028622068
     0.766014007     0.766014012     0.300891854
     0.533231887     0.028622114     0.533231886
     0.766014065     0.300891859     0.766014058
     0.028622107     0.533231898     0.533231887
     0.300891852     0.766014079     0.766014076
---si---
       1.0
     5.293472358    -0.080071526    -0.080071517
    -0.080071526     5.293472354    -0.080071533
    -0.080071517    -0.080071533     5.293472369
     8
Direct
     0.024694819     0.024694800     0.024694769
     0.273585189     0.273585189     0.273585092
     0.534077006     0.534076994     0.024127612
     0.772594531     0.772594535     0.295932148
     0.534077006     0.024127651     0.534077005
     0.772594580     0.295932152     0.772594573
     0.024127645     0.534077015     0.534077005
     0.295932147     0.772594591     0.772594589
---si---
       1.0
     5.400365963    -0.057693053    -0.057693072
    -0.057693053     5.400365958    -0.057693087
    -0.057693072    -0.057693087     5.400366123
     8
Direct
     0.021486477     0.021486466     0.021486383
     0.280132119     0.280132129     0.280132120
     0.525471350     0.525471338     0.033659584
     0.777385557     0.777385570     0.290711112
     0.525471375     0.033659715     0.525471416
     0.777385556     0.290711058     0.777385574
     0.033659709     0.525471381     0.525471445
     0.290711047     0.777385549     0.777385601
---si---
       1.0
     5.507259568    -0.035314580    -0.035314627
    -0.035314580     5.507259562    -0.035314640
    -0.035314627    -0.035314640     5.507259876
     8
Direct
     0.018278135     0.018278133     0.018277998
     0.286679048     0.286679069     0.286679148
     0.516865695     0.516865682     0.043191556
     0.782176583     0.782176605     0.285490077
     0.516865745     0.043191779     0.516865827
     0.782176531     0.285489964     0.782176575
     0.043191773     0.516865747     0.516865885
     0.285489947     0.782176506     0.782176613
---si---
       1.0
     5.410270498    -0.055619512    -0.055619533
    -0.055619512     5.410270493    -0.055619547
    -0.055619533    -0.055619547     5.410270671
     8
Direct
     0.021189199     0.021189189     0.021189101
     0.280738743     0.280738755     0.280738754
     0.524673969     0.524673957     0.034542797
     0.777829483     0.777829497     0.290227342
     0.524673996     0.034542936     0.524674040
     0.777829477     0.290227282     0.777829498
     0.034542930     0.524674001     0.524674072
     0.290227271     0.777829468     0.777829526
---si---
       1.0
     5.488346296    -0.022077359    -0.022077459
    -0.022077359     5.488346289    -0.022077500
    -0.022077459    -0.022077500     5.488346667
     8
Direct
     0.025492568     0.025492569     0.025492815
     0.265467371     0.265467428     0.265467549
     0.531976154     0.531976154     0.031709462
     0.785084421     0.785084412     0.274921765
     0.531975899     0.031709392     0.531975921
     0.785084354     0.274921761     0.785084286
     0.031709339     0.531975978     0.531975911
     0.274921767     0.785084398     0.785084282
---si---
       1.0
     5.441222367    -0.042322275    -0.042322328
    -0.042322275     5.441222361    -0.042322353
    -0.042322328    -0.042322353     5.441222618
     8
Direct
     0.022895199     0.022895193     0.022895238
     0.274684658     0.274684688     0.274684735
     0.527568800     0.527568793     0.033419568
     0.780705584     0.780705589     0.284159698
     0.527568715     0.033419624     0.527568751
     0.780705554     0.284159659     0.780705540
     0.033419599     0.527568750     0.527568767
     0.284159655     0.780705566     0.780705555
---si---
       1.0
     5.449430110     0.009465394     0.009465490
     0.009465394     5.449430184     0.009465505
     0.009465490     0.009465505     5.449430288
     8
Direct
     0.024914208     0.024914370     0.024914507
     0.276704464     0.276704498     0.276703819
     0.529572625     0.529572684     0.028055311
     0.779309766     0.779309785     0.284302667
     0.529573070     0.028055353     0.529573102
     0.779309526     0.284302736     0.779309695
     0.028055239     0.529573160     0.529573225
     0.284302753     0.779309535     0.779309684
---si---
       1.0
     5.445375806    -0.016115691    -0.016115669
    -0.016115691     5.445375840    -0.016115673
    -0.016115669    -0.016115673     5.445376020
     8
Direct
     0.023916896     0.023916976     0.023917067
     0.275706759     0.275706791     0.275706471
     0.528582814     0.528582840     0.030705044
     0.779999246     0.779999258     0.284232045
     0.528582997     0.030705094     0.528583031
     0.779999110     0.284232062     0.779999188
     0.030705024     0.528583060     0.528583101
     0.284232068     0.779999120     0.779999190
---si---
       1.0
     5.446309852     0.006220171     0.006220004
     0.006220171     5.446309934     0.006219924
     0.006220004     0.006219924     5.446310055
     8
Direct
     0.026366595     0.026366710     0.026366733
     0.276535970     0.276536037     0.276535869
     0.529761413     0.529761432     0.030690045
     0.778359049     0.778359083     0.281881960
     0.529761570     0.030690179     0.529761563
     0.778358988     0.281881877     0.778359186
     0.030690134     0.529761648     0.529761660
     0.281881867     0.778359068     0.778359167
---si---
       1.0
     5.446291671     0.005785405     0.005785242
     0.005785405     5.446291752     0.005785164
     0.005785242     0.005785164     5.446291874
     8
Direct
     0.026318912     0.026319026     0.026319050
     0.276519830     0.276519896     0.276519724
     0.529738472     0.529738491     0.030690337
     0.778390976     0.778391009     0.281927705
     0.529738629     0.030690469     0.529738623
     0.778390913     0.281927623     0.778391109
     0.030690424     0.529738707     0.529738719
     0.281927614     0.778390991     0.778391090
---si---
       1.0
     5.439567276     0.003949500     0.003949644
     0.003949500     5.439567275     0.003949487
     0.003949644     0.003949487     5.439567716
     8
Direct
     0.028449686     0.028449602     0.028449956
     0.277473080     0.277473239     0.277473833
     0.527666253     0.527666358     0.032924989
     0.779631314     0.779631324     0.278175544
     0.527666059     0.032925012     0.527666176
     0.779631550     0.278175862     0.779631381
     0.032924982     0.527666030     0.527666206
     0.278175809     0.779631654     0.779631489
---si---
       1.0
     5.444132842     0.005195998     0.005195934
     0.005195998     5.444132897     0.005195830
     0.005195934     0.005195830     5.444133121
     8
Direct
     0.027002985     0.027003035     0.027003166
     0.276825865     0.276825961     0.276826036
     0.529073198     0.529073244     0.031407759
     0.778789179     0.778789205     0.280723095
     0.529073242     0.031407856     0.529073276
     0.778789212     0.280723142     0.778789291
     0.031407816     0.529073286     0.529073351
     0.280723118     0.778789299     0.778789313
---si---
       1.0
     5.441272775     0.001635909     0.001636199
     0.001635909     5.441272842     0.001636292
     0.001636199     0.001636292     5.441273043
     8
Direct
     0.027894130     0.027894268     0.027894517
     0.277389776     0.277389817     0.277389634
     0.528754698     0.528754769     0.030195961
     0.779109764     0.779109728     0.280360516
     0.528754866     0.030195916     0.528754691
     0.779109829     0.280360528     0.779109860
     0.030195857     0.528754982     0.528754717
     0.280360563     0.779109862     0.779109835
