---si---
       1.0
     5.085183989    -0.011573864    -0.011573853
    -0.011573864     5.085183992    -0.011573852
    -0.011573853    -0.011573852     5.085183986
     8
Direct
     0.003592627     0.003592627     0.003592617
     0.269922829     0.269922830     0.269922836
     0.537954047     0.537954043     0.003512062
     0.802800730     0.802800732     0.273147577
     0.537954032     0.003512065     0.537954041
     0.802800737     0.273147569     0.802800721
     0.003512063     0.537954026     0.537954042
     0.273147561     0.802800736     0.802800724
---si---
       1.0
     5.141478371    -0.030092047    -0.030092018
    -0.030092047     5.141478380    -0.030092016
    -0.030092018    -0.030092016     5.141478364
     8
Direct
     0.009340831     0.009340830     0.009340804
     0.270908265     0.270908269     0.270908285
     0.536898343     0.536898334     0.009131362
     0.794608631     0.794608637     0.279292611
     0.536898306     0.009131369     0.536898328
     0.794608649     0.279292589     0.794608606
     0.009131365     0.536898289     0.536898331
     0.279292568     0.794608647     0.794608616
---si---
       1.0
     5.231549383    -0.059721139    -0.059721082
    -0.059721139     5.231549401    -0.059721079
    -0.059721082    -0.059721079     5.231549369
     8
Direct
     0.018537957     0.018537955     0.018537904
     0.272484964     0.272484972     0.272485004
     0.535209217     0.535209199     0.018122241
     0.781501272     0.781501284     0.289124666
     0.535209144     0.018122255     0.535209187
     0.781501308     0.289124622     0.781501224
     0.018122247     0.535209109     0.535209193
     0.289124581     0.781501304     0.781501242
---si---
       1.0
     5.338443126    -0.094884113    -0.094884021
    -0.094884113     5.338443155    -0.094884017
    -0.094884021    -0.094884017     5.338443104
     8
Direct
     0.029452848     0.029452844     0.029452763
     0.274356146     0.274356159     0.274356209
     0.533204611     0.533204581     0.028792364
     0.765945828     0.765945846     0.300793072
     0.533204494     0.028792386     0.533204561
     0.765945884     0.300793003     0.765945750
     0.028792372     0.533204439     0.533204572
     0.300792936     0.765945878     0.765945780
---si---
       1.0
     5.292507833    -0.079773579    -0.079773503
    -0.079773579     5.292507858    -0.079773499
    -0.079773503    -0.079773499     5.292507815
     8
Direct
     0.024762408     0.024762404     0.024762336
     0.273552045     0.273552056     0.273552099
     0.534066047     0.534066023     0.024207108
     0.772630446     0.772630462     0.295778825
     0.534065949     0.024207126     0.534066006
     0.772630493     0.295778767     0.772630381
     0.024207115     0.534065903     0.534066015
     0.295778711     0.772630488     0.772630406
---si---
       1.0
     5.399400944    -0.057281845    -0.057281902
    -0.057281845     5.399401435    -0.057281713
    -0.057281902    -0.057281713     5.399401569
     8
Direct
     0.021480878     0.021480902     0.021480794
     0.280163340     0.280163313     0.280163332
     0.525461008     0.525461032     0.033627352
     0.777411672     0.777411709     0.290697612
     0.525461052     0.033627476     0.525461024
     0.777411578     0.290697595     0.777411701
     0.033627508     0.525461037     0.525461032
     0.290697447     0.777411565     0.777411653
---si---
       1.0
     5.506294056    -0.034790110    -0.034790301
    -0.034790110     5.506295013    -0.034789927
    -0.034790301    -0.034789927     5.506295323
     8
Direct
     0.018199348     0.018199399     0.018199251
     0.286774635     0.286774569     0.286774565
     0.516855968     0.516856042     0.043047596
     0.782192897     0.782192956     0.285616400
     0.516856154     0.043047827     0.516856043
     0.782192662     0.285616424     0.782193021
     0.043047901     0.516856171     0.516856050
     0.285616184     0.782192642     0.782192899
---si---
       1.0
     5.409337350    -0.055191093    -0.055191162
    -0.055191093     5.409337884    -0.055190956
    -0.055191162    -0.055190956     5.409338034
     8
Direct
     0.021175838     0.021175865     0.021175753
     0.280777903     0.280777872     0.280777889
     0.524661114     0.524661143     0.034503024
     0.777856117     0.777856157     0.290225281
     0.524661171     0.034503159     0.524661136
     0.777856011     0.290225268     0.777856156
     0.034503194     0.524661159     0.524661144
     0.290225111     0.777855997     0.777856101
---si---
       1.0
     5.488749765    -0.022707493    -0.022707134
    -0.022707493     5.488750098    -0.022707118
    -0.022707134    -0.022707118     5.488750316
     8
Direct
     0.025520626     0.025520702     0.025521016
     0.265611155     0.265611147     0.265611334
     0.531936014     0.531936081     0.031890951
     0.785014283     0.785014364     0.274917960
     0.531935890     0.031890794     0.531936004
     0.785014282     0.274918027     0.785014136
     0.031890682     0.531935890     0.531935877
     0.274918079     0.785014370     0.785014187
---si---
       1.0
     5.440968790    -0.042252272    -0.042252170
    -0.042252272     5.440969244    -0.042252040
    -0.042252170    -0.042252040     5.440969421
     8
Direct
     0.022906448     0.022906494     0.022906552
     0.274736706     0.274736684     0.274736768
     0.527558842     0.527558886     0.033462587
     0.780707348     0.780707404     0.284128091
     0.527558827     0.033462605     0.527558851
     0.780707283     0.284128109     0.780707312
     0.033462582     0.527558819     0.527558805
     0.284128036     0.780707310     0.780707299
---si---
       1.0
     5.450018169     0.009141821     0.009141857
     0.009141821     5.450018277     0.009141776
     0.009141857     0.009141776     5.450018629
     8
Direct
     0.025017337     0.025017358     0.025017093
     0.276594088     0.276594206     0.276593370
     0.529564452     0.529564526     0.027909652
     0.779267932     0.779267949     0.284425554
     0.529564680     0.027909818     0.529564820
     0.779268028     0.284425714     0.779268057
     0.027909706     0.529564932     0.529564946
     0.284425840     0.779268030     0.779267928
---si---
       1.0
     5.445440962    -0.016853486    -0.016853417
    -0.016853486     5.445441245    -0.016853391
    -0.016853417    -0.016853391     5.445441509
     8
Direct
     0.023949642     0.023949676     0.023949574
     0.275654618     0.275654665     0.275654295
     0.528550008     0.528550066     0.030718345
     0.779995993     0.779996030     0.284275096
     0.528550112     0.030718437     0.528550194
     0.779996008     0.284275184     0.779996037
     0.030718370     0.528550233     0.528550233
     0.284275210     0.779996023     0.779995967
---si---
       1.0
     5.446500058     0.005081358     0.005081045
     0.005081358     5.446500157     0.005080877
     0.005081045     0.005080877     5.446500460
     8
Direct
     0.026321997     0.026322005     0.026321816
     0.276472991     0.276473107     0.276472893
     0.529695894     0.529695953     0.030697196
     0.778380347     0.778380409     0.281963375
     0.529696024     0.030697525     0.529695912
     0.778380376     0.281963379     0.778380459
     0.030697413     0.529696130     0.529696020
     0.281963458     0.778380415     0.778380410
---si---
       1.0
     5.448194610     0.040177110     0.040176183
     0.040177110     5.448194417     0.040175706
     0.040176183     0.040175706     5.448194782
     8
Direct
     0.030117766     0.030117732     0.030117404
     0.277782387     0.277782615     0.277782652
     0.531529313     0.531529372     0.030663356
     0.775795312     0.775795416     0.278264622
     0.531529484     0.030664065     0.531529061
     0.775795366     0.278264490     0.775795534
     0.030663881     0.531529564     0.531529278
     0.278264654     0.775795442     0.775795518
---si---
       1.0
     5.446504031     0.005163646     0.005163331
     0.005163646     5.446504130     0.005163162
     0.005163331     0.005163162     5.446504432
     8
Direct
     0.026330897     0.026330905     0.026330716
     0.276476061     0.276476178     0.276475964
     0.529700193     0.529700252     0.030697116
     0.778374286     0.778374349     0.281954703
     0.529700323     0.030697446     0.529700210
     0.778374315     0.281954706     0.778374398
     0.030697334     0.529700428     0.529700318
     0.281954785     0.778374354     0.778374349
---si---
       1.0
     5.438511834     0.009789773     0.009790372
     0.009789773     5.438510468     0.009785676
     0.009790372     0.009785676     5.438510686
     8
Direct
     0.028613201     0.028613344     0.028613752
     0.278140017     0.278140266     0.278140076
     0.527776358     0.527776356     0.032215578
     0.779496301     0.779496336     0.278102988
     0.527776242     0.032215362     0.527776134
     0.779496191     0.278103593     0.779495732
     0.032215043     0.527776345     0.527776309
     0.278104277     0.779495235     0.779494714
---si---
       1.0
     5.443695722     0.006789180     0.006789187
     0.006789180     5.443695307     0.006787427
     0.006789187     0.006787427     5.443695580
     8
Direct
     0.027132856     0.027132911     0.027132932
     0.277060744     0.277060907     0.277060702
     0.529024194     0.529024231     0.031230675
     0.778768541     0.778768594     0.280601282
     0.529024237     0.031230813     0.529024126
     0.778768521     0.280601497     0.778768414
     0.031230629     0.529024341     0.529024257
     0.280601789     0.778768211     0.778768024
---si---
       1.0
     5.439298568     0.002095854     0.002095901
     0.002095854     5.439298281     0.002094606
     0.002095901     0.002094606     5.439298521
     8
Direct
     0.028379313     0.028378480     0.028378188
     0.277177372     0.277177547     0.277177318
     0.529110280     0.529110155     0.030195512
     0.778912028     0.778911966     0.279932923
     0.529110450     0.030195611     0.529109894
     0.778912249     0.279932927     0.778912227
     0.030195228     0.529110267     0.529109850
     0.279932912     0.778912476     0.778912448
---si---
       1.0
     5.440701624     0.003593413     0.003593447
     0.003593413     5.440701295     0.003592004
     0.003593447     0.003592004     5.440701546
     8
Direct
     0.027981590     0.027981041     0.027980849
     0.277140158     0.277140329     0.277140108
     0.529082812     0.529082738     0.030525814
     0.778866244     0.778866218     0.280146185
     0.529082941     0.030525926     0.529082527
     0.778866388     0.280146256     0.778866339
     0.030525607     0.529082850     0.529082539
     0.280146339     0.778866444     0.778866365
---si---
       1.0
     5.438863407     0.000864356     0.000864796
     0.000864356     5.438863237     0.000864586
     0.000864796     0.000864586     5.438863498
     8
Direct
     0.028299986     0.028299606     0.028299558
     0.277982300     0.277982317     0.277982230
     0.528991034     0.528990963     0.029667808
     0.779049465     0.779049385     0.279763100
     0.528991171     0.029667938     0.528990920
     0.779049628     0.279763477     0.779049408
     0.029667643     0.528991190     0.528990975
     0.279763696     0.779049554     0.779049377
