---si---
       1.0
     5.292625018    -0.008672605    -0.008672610
    -0.008672605     5.292625018    -0.008672633
    -0.008672610    -0.008672633     5.292625081
     8
Direct
     0.004049924     0.004049917     0.004049910
     0.259563208     0.259563200     0.259563191
     0.517564172     0.517564164     0.003751761
     0.772708336     0.772708350     0.260647706
     0.517564171     0.003751791     0.517564171
     0.772708331     0.260647699     0.772708343
     0.003751796     0.517564168     0.517564173
     0.260647695     0.772708338     0.772708339
---si---
       1.0
     5.360825048    -0.022548774    -0.022548787
    -0.022548774     5.360825046    -0.022548845
    -0.022548787    -0.022548845     5.360825211
     8
Direct
     0.010529801     0.010529785     0.010529766
     0.260388150     0.260388128     0.260388106
     0.516714467     0.516714445     0.009754578
     0.765613103     0.765613138     0.263207846
     0.516714465     0.009754656     0.516714463
     0.765613090     0.263207828     0.765613121
     0.009754670     0.516714457     0.516714469
     0.263207816     0.765613108     0.765613111
---si---
       1.0
     5.469945095    -0.044750643    -0.044750670
    -0.044750643     5.469945091    -0.044750784
    -0.044750670    -0.044750784     5.469945419
     8
Direct
     0.020897605     0.020897573     0.020897535
     0.261708056     0.261708015     0.261707970
     0.515354938     0.515354896     0.019359086
     0.754260729     0.754260799     0.267304069
     0.515354934     0.019359240     0.515354931
     0.754260704     0.267304034     0.754260765
     0.019359268     0.515354918     0.515354942
     0.267304010     0.754260740     0.754260745
---si---
       1.0
     5.416635583    -0.033904141    -0.033904161
    -0.033904141     5.416635580    -0.033904248
    -0.033904161    -0.033904248     5.416635829
     8
Direct
     0.015832518     0.015832493     0.015832465
     0.261063229     0.261063197     0.261063164
     0.516019122     0.516019090     0.014666899
     0.759806818     0.759806871     0.265302900
     0.516019120     0.014667016     0.516019117
     0.759806799     0.265302873     0.759806845
     0.014667037     0.516019107     0.516019125
     0.265302855     0.759806826     0.759806830
---si---
       1.0
     5.527762444    -0.006854367    -0.006854075
    -0.006854367     5.527762472    -0.006854022
    -0.006854075    -0.006854022     5.527762999
     8
Direct
     0.011630036     0.011630062     0.011630281
     0.268188375     0.268188349     0.268188196
     0.508829088     0.508829112     0.014104875
     0.763886139     0.763886104     0.269136975
     0.508829089     0.014104668     0.508829224
     0.763886072     0.269136989     0.763885979
     0.014104666     0.508829160     0.508829179
     0.269136971     0.763886071     0.763886003
---si---
       1.0
     5.495837399    -0.014625353    -0.014625151
    -0.014625353     5.495837418    -0.014625138
    -0.014625151    -0.014625138     5.495837864
     8
Direct
     0.012837344     0.012837356     0.012837504
     0.266141430     0.266141402     0.266141283
     0.510894675     0.510894683     0.014266336
     0.762714212     0.762714203     0.268035504
     0.510894675     0.014266222     0.510894770
     0.762714160     0.268035507     0.762714106
     0.014266226     0.510894722     0.510894741
     0.268035488     0.762714166     0.762714119
---si---
       1.0
     5.570837531    -0.004654091    -0.004654970
    -0.004654091     5.570837628    -0.004654972
    -0.004654970    -0.004654972     5.570837654
     8
Direct
     0.011811290     0.011811405     0.011811132
     0.260696940     0.260696952     0.260697389
     0.514948804     0.514948794     0.014600214
     0.765607478     0.765607487     0.260182324
     0.514948765     0.014600406     0.514948633
     0.765607395     0.260182133     0.765607439
     0.014600310     0.514948857     0.514948672
     0.260182042     0.765607433     0.765607532
---si---
       1.0
     5.528598528    -0.010269764    -0.010270033
    -0.010269764     5.528598581    -0.010270027
    -0.010270033    -0.010270027     5.528598844
     8
Direct
     0.012389149     0.012389206     0.012389170
     0.263763199     0.263763189     0.263763312
     0.512665577     0.512665577     0.014412179
     0.763978032     0.763978030     0.264605123
     0.512665559     0.014412198     0.512665555
     0.763977966     0.264605041     0.763977955
     0.014412159     0.512665626     0.512665556
     0.264604991     0.763977986     0.763978003
---si---
       1.0
     5.502097839    -0.003283633    -0.003281663
    -0.003283633     5.502098079    -0.003281946
    -0.003281663    -0.003281946     5.502098130
     8
Direct
     0.014745155     0.014745282     0.014745765
     0.261012868     0.261012969     0.261012110
     0.515546153     0.515546170     0.012418852
     0.762467239     0.762467053     0.264318988
     0.515546174     0.012418205     0.515546826
     0.762467095     0.264319426     0.762466837
     0.012418318     0.515546238     0.515546967
     0.264319380     0.762467189     0.762466730
---si---
       1.0
     5.522331565    -0.008617662    -0.008617402
    -0.008617662     5.522331663    -0.008617465
    -0.008617402    -0.008617465     5.522331876
     8
Direct
     0.012946304     0.012946378     0.012946465
     0.263112792     0.263112808     0.263112700
     0.513346784     0.513346788     0.013940791
     0.763620755     0.763620710     0.264537457
     0.513346776     0.013940653     0.513346927
     0.763620671     0.264537498     0.763620601
     0.013940650     0.513346842     0.513346961
     0.264537449     0.763620709     0.763620613
