---si---
       1.0
     5.464805823     0.006720825     0.006721000
     0.006720825     5.464805823     0.006721011
     0.006721000     0.006721011     5.464805771
     8
Direct
    -0.004661121    -0.004661124    -0.004661093
     0.246760042     0.246760016     0.246759987
     0.495045204     0.495045209    -0.004818289
     0.746433455     0.746433427     0.247053283
     0.495045194    -0.004818485     0.495045186
     0.746433428     0.247053311     0.746433340
    -0.004818508     0.495045240     0.495045217
     0.247053312     0.746433434     0.746433335
---si---
       1.0
     5.466764109     0.006346863     0.006347028
     0.006346863     5.466764109     0.006347038
     0.006347028     0.006347038     5.466764059
     8
Direct
    -0.004401766    -0.004401768    -0.004401739
     0.246788569     0.246788544     0.246788517
     0.495017397     0.495017402    -0.004550188
     0.746176651     0.746176624     0.247065493
     0.495017387    -0.004550373     0.495017380
     0.746176625     0.247065520     0.746176542
    -0.004550395     0.495017431     0.495017409
     0.247065521     0.746176631     0.746176537
---si---
       1.0
     5.420076098    -0.005034174    -0.005035297
    -0.005034174     5.420076184    -0.005035413
    -0.005035297    -0.005035413     5.420076306
     8
Direct
    -0.004320120    -0.004320151    -0.004320527
     0.243479953     0.243479996     0.243480408
     0.498299778     0.498299779    -0.003981044
     0.746048130     0.746048117     0.243306699
     0.498299649    -0.003980634     0.498299348
     0.746048182     0.243306764     0.746048479
    -0.003980633     0.498299616     0.498299328
     0.243306789     0.746048178     0.746048490
---si---
       1.0
     5.448887952     0.001989230     0.001988902
     0.001989230     5.448887985     0.001988864
     0.001988902     0.001988864     5.448888001
     8
Direct
    -0.004370505    -0.004370518    -0.004370644
     0.245521748     0.245521750     0.245521890
     0.496274173     0.496274176    -0.004332271
     0.746127442     0.746127421     0.245626306
     0.496274117    -0.004332228     0.496273997
     0.746127446     0.245626347     0.746127508
    -0.004332241     0.496274131     0.496274008
     0.245626357     0.746127448     0.746127510
