---si---
       1.0
     5.345151300    -0.007850184    -0.007850223
    -0.007850184     5.345151306    -0.007850251
    -0.007850223    -0.007850251     5.345151425
     8
Direct
     0.003959363     0.003959356     0.003959367
     0.257065856     0.257065860     0.257065875
     0.512708301     0.512708303     0.003721045
     0.765639380     0.765639386     0.257757149
     0.512708328     0.003721080     0.512708333
     0.765639375     0.257757140     0.765639412
     0.003721088     0.512708325     0.512708336
     0.257757144     0.765639377     0.765639419
---si---
       1.0
     5.417393381    -0.020410479    -0.020410581
    -0.020410479     5.417393396    -0.020410651
    -0.020410581    -0.020410651     5.417393704
     8
Direct
     0.010294343     0.010294326     0.010294354
     0.257805187     0.257805197     0.257805238
     0.511909507     0.511909512     0.009674717
     0.758964274     0.758964290     0.259602549
     0.511909578     0.009674808     0.511909589
     0.758964261     0.259602527     0.758964359
     0.009674829     0.511909570     0.511909599
     0.259602537     0.758964266     0.758964376
---si---
       1.0
     5.529578595    -0.039915446    -0.039915644
    -0.039915446     5.529578626    -0.039915783
    -0.039915644    -0.039915783     5.529579228
     8
Direct
     0.020131977     0.020131943     0.020131999
     0.258953299     0.258953319     0.258953399
     0.510669055     0.510669064     0.018920215
     0.748598457     0.748598489     0.262468284
     0.510669193     0.018920393     0.510669215
     0.748598433     0.262468240     0.748598624
     0.018920434     0.510669178     0.510669235
     0.262468260     0.748598442     0.748598658
---si---
       1.0
     5.438302482    -0.024045818    -0.024045938
    -0.024045818     5.438302500    -0.024046022
    -0.024045938    -0.024046022     5.438302863
     8
Direct
     0.012127883     0.012127863     0.012127896
     0.258019172     0.258019184     0.258019232
     0.511678312     0.511678317     0.011397895
     0.757032291     0.757032310     0.260136665
     0.511678394     0.011398002     0.511678408
     0.757032276     0.260136639     0.757032392
     0.011398027     0.511678386     0.511678420
     0.260136651     0.757032282     0.757032412
---si---
       1.0
     5.550487817     0.002893436     0.002893816
     0.002893436     5.550487914     0.002893812
     0.002893816     0.002893812     5.550488387
     8
Direct
     0.007912763     0.007912805     0.007913036
     0.264793084     0.264793081     0.264792989
     0.504970875     0.504970869     0.009569410
     0.761014181     0.761014183     0.264801719
     0.504970822     0.009569255     0.504970908
     0.761014188     0.264801785     0.761014094
     0.009569244     0.504970819     0.504970881
     0.264801785     0.761014186     0.761014068
---si---
       1.0
     5.504211949    -0.008218867    -0.008218693
    -0.008218867     5.504212014    -0.008218729
    -0.008218693    -0.008218729     5.504212441
     8
Direct
     0.009651478     0.009651495     0.009651644
     0.261998880     0.261998884     0.261998849
     0.507737658     0.507737657     0.010323651
     0.759371672     0.759371681     0.262877408
     0.507737661     0.010323604     0.507737717
     0.759371670     0.262877437     0.759371662
     0.010323607     0.507737656     0.507737706
     0.262877442     0.759371671     0.759371655
---si---
       1.0
     5.570605443    -0.001536140    -0.001536760
    -0.001536140     5.570605585    -0.001536927
    -0.001536760    -0.001536927     5.570605766
     8
Direct
     0.008544779     0.008544841     0.008544710
     0.257939555     0.257939543     0.257939996
     0.511099036     0.511098967     0.010093528
     0.761287896     0.761287998     0.257452126
     0.511099085     0.010093583     0.511098776
     0.761287989     0.257451738     0.761288009
     0.010093583     0.511099149     0.511098799
     0.257451672     0.761288044     0.761287980
---si---
       1.0
     5.530230787    -0.005599984    -0.005600121
    -0.005599984     5.530230882    -0.005600209
    -0.005600121    -0.005600209     5.530231213
     8
Direct
     0.009217775     0.009217810     0.009217850
     0.260408078     0.260408075     0.260408232
     0.509054943     0.509054915     0.010233468
     0.760122618     0.760122663     0.260751303
     0.509054964     0.010233461     0.509054877
     0.760122653     0.260751169     0.760122656
     0.010233463     0.509054986     0.509054879
     0.260751145     0.760122675     0.760122641
---si---
       1.0
     5.507218139    -0.007373670    -0.007372990
    -0.007373670     5.507218130    -0.007372801
    -0.007372990    -0.007372801     5.507218474
     8
Direct
     0.010529327     0.010529340     0.010529869
     0.258382929     0.258382924     0.258382678
     0.511028343     0.511028427     0.010108892
     0.759134718     0.759134653     0.259724210
     0.511028089     0.010108899     0.511028670
     0.759134680     0.259724835     0.759134382
     0.010108852     0.511028168     0.511028715
     0.259724732     0.759134750     0.759134469
---si---
       1.0
     5.522458928    -0.006198995    -0.006198856
    -0.006198995     5.522458988    -0.006198851
    -0.006198856    -0.006198851     5.522459323
     8
Direct
     0.009660714     0.009660741     0.009660946
     0.259724142     0.259724139     0.259724159
     0.509721402     0.509721412     0.010191396
     0.759788983     0.759788991     0.260404432
     0.509721330     0.010191394     0.509721469
     0.759788994     0.260404554     0.759788895
     0.010191379     0.509721371     0.509721486
     0.260404504     0.759789032     0.759788914
