---si---
       1.0
     5.085220349    -0.011578309    -0.011578304
    -0.011578309     5.085220354    -0.011578303
    -0.011578304    -0.011578303     5.085220348
     8
Direct
     0.003576578     0.003576579     0.003576581
     0.269932481     0.269932480     0.269932488
     0.537951191     0.537951191     0.003498664
     0.802803746     0.802803750     0.273166905
     0.537951187     0.003498667     0.537951188
     0.802803753     0.273166903     0.802803744
     0.003498667     0.537951188     0.537951195
     0.273166901     0.802803753     0.802803747
---si---
       1.0
     5.141572907    -0.030103603    -0.030103590
    -0.030103603     5.141572921    -0.030103588
    -0.030103590    -0.030103588     5.141572906
     8
Direct
     0.009299103     0.009299105     0.009299110
     0.270933361     0.270933359     0.270933379
     0.536890919     0.536890918     0.009096525
     0.794616473     0.794616483     0.279342864
     0.536890909     0.009096533     0.536890911
     0.794616491     0.279342858     0.794616467
     0.009096535     0.536890910     0.536890928
     0.279342853     0.794616490     0.794616476
---si---
       1.0
     5.231736999    -0.059744073    -0.059744048
    -0.059744073     5.231737027    -0.059744044
    -0.059744048    -0.059744044     5.231736998
     8
Direct
     0.018455143     0.018455146     0.018455156
     0.272534770     0.272534766     0.272534805
     0.535194483     0.535194482     0.018053104
     0.781516836     0.781516855     0.289224399
     0.535194464     0.018053120     0.535194468
     0.781516872     0.289224386     0.781516824
     0.018053123     0.535194465     0.535194501
     0.289224376     0.781516869     0.781516841
---si---
       1.0
     5.338630737    -0.094884233    -0.094884193
    -0.094884233     5.338630781    -0.094884186
    -0.094884193    -0.094884186     5.338630735
     8
Direct
     0.029310055     0.029310061     0.029310076
     0.274433315     0.274433308     0.274433370
     0.533183279     0.533183278     0.028671546
     0.765986606     0.765986636     0.300939420
     0.533183249     0.028671572     0.533183256
     0.765986663     0.300939399     0.765986586
     0.028671576     0.533183251     0.533183308
     0.300939383     0.765986657     0.765986613
---si---
       1.0
     5.293118881    -0.079922703    -0.079922669
    -0.079922703     5.293118919    -0.079922664
    -0.079922669    -0.079922664     5.293118880
     8
Direct
     0.024688388     0.024688394     0.024688406
     0.273624977     0.273624971     0.273625023
     0.534039584     0.534039583     0.024150561
     0.772598870     0.772598895     0.295951547
     0.534039559     0.024150582     0.534039564
     0.772598918     0.295951530     0.772598853
     0.024150586     0.534039560     0.534039608
     0.295951517     0.772598913     0.772598876
---si---
       1.0
     5.400012635    -0.057629814    -0.057630213
    -0.057629814     5.400007954    -0.057630564
    -0.057630213    -0.057630564     5.400003395
     8
Direct
     0.021469034     0.021469046     0.021468982
     0.280140476     0.280140467     0.280140415
     0.525460238     0.525460237     0.033720889
     0.777388970     0.777388943     0.290690726
     0.525460349     0.033720981     0.525460322
     0.777388745     0.290689291     0.777388385
     0.033720935     0.525460363     0.525460315
     0.290687840     0.777388226     0.777388281
---si---
       1.0
     5.506906389    -0.035336925    -0.035337757
    -0.035336925     5.506896989    -0.035338464
    -0.035337757    -0.035338464     5.506887911
     8
Direct
     0.018249679     0.018249699     0.018249558
     0.286655975     0.286655964     0.286655807
     0.516880893     0.516880891     0.043291217
     0.782179071     0.782178990     0.285429904
     0.516881139     0.043291380     0.516881080
     0.782178571     0.285427051     0.782177916
     0.043291285     0.516881165     0.516881023
     0.285424163     0.782177538     0.782177687
---si---
       1.0
     5.409983443    -0.055550384    -0.055550823
    -0.055550384     5.409978322    -0.055551207
    -0.055550823    -0.055551207     5.409973342
     8
Direct
     0.021168740     0.021168753     0.021168681
     0.280748227     0.280748218     0.280748156
     0.524659976     0.524659975     0.034613588
     0.777835780     0.777835747     0.290200008
     0.524660099     0.034613686     0.524660070
     0.777835529     0.290198441     0.777835141
     0.034613636     0.524660114     0.524660058
     0.290196856     0.777834962     0.777835026
---si---
       1.0
     5.488582987    -0.022379423    -0.022378319
    -0.022379423     5.488581913    -0.022376106
    -0.022378319    -0.022376106     5.488579222
     8
Direct
     0.025477139     0.025478073     0.025478985
     0.265462479     0.265461948     0.265461897
     0.531970770     0.531971896     0.031648773
     0.785131544     0.785131764     0.275028654
     0.531968479     0.031648335     0.531971375
     0.785131877     0.275030394     0.785132621
     0.031647769     0.531968840     0.531969823
     0.275031970     0.785132755     0.785132712
---si---
       1.0
     5.441175189    -0.042386692    -0.042386519
    -0.042386692     5.441171673    -0.042385872
    -0.042386519    -0.042385872     5.441167602
     8
Direct
     0.022878501     0.022878880     0.022879199
     0.274682172     0.274681956     0.274681898
     0.527561220     0.527561666     0.033437019
     0.780731059     0.780731127     0.284179349
     0.527560385     0.033436905     0.527561517
     0.780731040     0.284179095     0.780731101
     0.033436650     0.527560537     0.527560893
     0.284178764     0.780731046     0.780731068
---si---
       1.0
     5.449771522     0.009184893     0.009183415
     0.009184893     5.449769992     0.009180834
     0.009183415     0.009180834     5.449769287
     8
Direct
     0.024974659     0.024974257     0.024973837
     0.276681358     0.276681667     0.276680170
     0.529577081     0.529576630     0.028074809
     0.779205543     0.779207118     0.284321704
     0.529578228     0.028075386     0.529577116
     0.779204489     0.284319732     0.779206498
     0.028075962     0.529577942     0.529577935
     0.284317534     0.779204512     0.779205423
---si---
       1.0
     5.445573887    -0.015997787    -0.015998458
    -0.015997787     5.445571387    -0.015999463
    -0.015998458    -0.015999463     5.445569038
     8
Direct
     0.023951094     0.023951073     0.023951014
     0.275705145     0.275705197     0.275704403
     0.528592725     0.528592712     0.030693205
     0.779950461     0.779951300     0.284252191
     0.528592904     0.030693444     0.528592888
     0.779949912     0.284251058     0.779950970
     0.030693614     0.528592833     0.528593003
     0.284249772     0.779949927     0.779950404
---si---
       1.0
     5.446485700     0.006501255     0.006500273
     0.006501255     5.446484645     0.006500469
     0.006500273     0.006500469     5.446484836
     8
Direct
     0.026428648     0.026428913     0.026428881
     0.276536473     0.276536465     0.276535827
     0.529756194     0.529756781     0.030722349
     0.778280686     0.778280863     0.281806706
     0.529756035     0.030722505     0.529756761
     0.778280041     0.281806165     0.778280656
     0.030721995     0.529756199     0.529756564
     0.281805554     0.778279907     0.778280289
---si---
       1.0
     5.446445243     0.005502967     0.005501998
     0.005502967     5.446444124     0.005502140
     0.005501998     0.005502140     5.446444202
     8
Direct
     0.026318718     0.026318971     0.026318937
     0.276499587     0.276499581     0.276498937
     0.529704571     0.529705131     0.030721056
     0.778354774     0.778354981     0.281915213
     0.529704426     0.030721216     0.529705120
     0.778354134     0.281914645     0.778354769
     0.030720736     0.529704581     0.529704936
     0.281914004     0.778354007     0.778354392
---si---
       1.0
     5.437748010     0.005007080     0.005007350
     0.005007080     5.437724707     0.005026330
     0.005007350     0.005026330     5.437725455
     8
Direct
     0.028310584     0.028310480     0.028310398
     0.277399764     0.277400235     0.277400644
     0.527689745     0.527689942     0.032783166
     0.779715506     0.779716279     0.278275197
     0.527688211     0.032782382     0.527689056
     0.779715936     0.278275907     0.779716596
     0.032782323     0.527687927     0.527688296
     0.278266756     0.779721327     0.779720711
---si---
       1.0
     5.443625929     0.005342219     0.005341651
     0.005342219     5.443617618     0.005347901
     0.005341651     0.005347901     5.443617914
     8
Direct
     0.026964406     0.026964543     0.026964494
     0.276791390     0.276791539     0.276791236
     0.529051440     0.529051883     0.031389514
     0.778795872     0.778796262     0.280735257
     0.529050845     0.031389368     0.529051588
     0.778795579     0.280735104     0.778796222
     0.031389024     0.529050858     0.529051218
     0.280731704     0.778797240     0.778797301
---si---
       1.0
     5.439427376     0.001960734     0.001961056
     0.001960734     5.439421987     0.001967896
     0.001961056     0.001967896     5.439422424
     8
Direct
     0.027888274     0.027893741     0.027893818
     0.277290456     0.277290265     0.277289844
     0.528858957     0.528861979     0.030227086
     0.779067020     0.779067775     0.280417534
     0.528859236     0.030227040     0.528861911
     0.779066669     0.280417049     0.779067540
     0.030227593     0.528860831     0.528860703
     0.280419072     0.779066143     0.779066358
