---si---
       1.0
     5.085249557    -0.011598320    -0.011598327
    -0.011598320     5.085249562    -0.011598328
    -0.011598327    -0.011598328     5.085249541
     8
Direct
     0.003576499     0.003576492     0.003576485
     0.269927668     0.269927667     0.269927662
     0.537960146     0.537960147     0.003493686
     0.802803874     0.802803874     0.273163099
     0.537960142     0.003493689     0.537960147
     0.802803875     0.273163105     0.802803875
     0.003493686     0.537960145     0.537960147
     0.273163103     0.802803877     0.802803880
---si---
       1.0
     5.141648849    -0.030155632    -0.030155651
    -0.030155632     5.141648861    -0.030155653
    -0.030155651    -0.030155653     5.141648807
     8
Direct
     0.009298896     0.009298879     0.009298862
     0.270920848     0.270920844     0.270920832
     0.536914202     0.536914204     0.009083584
     0.794616806     0.794616804     0.279332968
     0.536914190     0.009083592     0.536914204
     0.794616808     0.279332984     0.794616808
     0.009083583     0.536914198     0.536914205
     0.279332980     0.794616814     0.794616820
---si---
       1.0
     5.231887716    -0.059847332    -0.059847369
    -0.059847332     5.231887739    -0.059847374
    -0.059847369    -0.059847374     5.231887632
     8
Direct
     0.018454733     0.018454699     0.018454665
     0.272509936     0.272509929     0.272509903
     0.535240691     0.535240696     0.018027420
     0.781517497     0.781517492     0.289204758
     0.535240667     0.018027437     0.535240695
     0.781517500     0.289204790     0.781517500
     0.018027419     0.535240683     0.535240697
     0.289204782     0.781517512     0.781517524
---si---
       1.0
     5.338781457    -0.095019060    -0.095019118
    -0.095019060     5.338781493    -0.095019125
    -0.095019118    -0.095019125     5.338781322
     8
Direct
     0.029300410     0.029300356     0.029300302
     0.274392313     0.274392301     0.274392261
     0.533258309     0.533258318     0.028621970
     0.766000523     0.766000515     0.300898528
     0.533258272     0.028621997     0.533258317
     0.766000528     0.300898579     0.766000527
     0.028621967     0.533258296     0.533258319
     0.300898566     0.766000547     0.766000566
---si---
       1.0
     5.293339146    -0.080066972    -0.080067021
    -0.080066972     5.293339176    -0.080067027
    -0.080067021    -0.080067027     5.293339033
     8
Direct
     0.024689732     0.024689686     0.024689641
     0.273592083     0.273592073     0.273592039
     0.534101053     0.534101060     0.024118050
     0.772597047     0.772597041     0.295927311
     0.534101021     0.024118073     0.534101059
     0.772597051     0.295927354     0.772597051
     0.024118048     0.534101042     0.534101061
     0.295927343     0.772597068     0.772597084
---si---
       1.0
     5.400232668    -0.057674190    -0.057674257
    -0.057674190     5.400232692    -0.057674292
    -0.057674257    -0.057674292     5.400232786
     8
Direct
     0.021491427     0.021491413     0.021491282
     0.280136963     0.280136960     0.280136990
     0.525482005     0.525481989     0.033660542
     0.777381142     0.777381156     0.290703830
     0.525482042     0.033660643     0.525482043
     0.777381069     0.290703793     0.777381104
     0.033660650     0.525482048     0.525482057
     0.290703791     0.777381049     0.777381107
---si---
       1.0
     5.507126190    -0.035281408    -0.035281493
    -0.035281408     5.507126207    -0.035281556
    -0.035281493    -0.035281556     5.507126540
     8
Direct
     0.018293123     0.018293139     0.018292922
     0.286681842     0.286681848     0.286681940
     0.516862957     0.516862919     0.043203034
     0.782165237     0.782165271     0.285480349
     0.516863062     0.043203214     0.516863028
     0.782165086     0.285480232     0.782165156
     0.043203252     0.516863054     0.516863053
     0.285480238     0.782165030     0.782165130
---si---
       1.0
     5.410184316    -0.055589451    -0.055589520
    -0.055589451     5.410184339    -0.055589557
    -0.055589520    -0.055589557     5.410184456
     8
Direct
     0.021193669     0.021193657     0.021193519
     0.280746283     0.280746281     0.280746316
     0.524679582     0.524679565     0.034548936
     0.777826535     0.777826551     0.290217531
     0.524679626     0.034549044     0.524679624
     0.777826455     0.290217486     0.777826493
     0.034549054     0.524679631     0.524679639
     0.290217485     0.777826431     0.777826493
---si---
       1.0
     5.488277704    -0.022045084    -0.022044736
    -0.022045084     5.488277740    -0.022044695
    -0.022044736    -0.022044695     5.488278125
     8
Direct
     0.025519625     0.025519594     0.025519845
     0.265463417     0.265463396     0.265463278
     0.531973209     0.531973179     0.031679424
     0.785115804     0.785115717     0.274919664
     0.531972972     0.031679157     0.531973040
     0.785115661     0.274919978     0.785115575
     0.031679008     0.531973032     0.531973056
     0.274920027     0.785115665     0.785115570
---si---
       1.0
     5.441108695    -0.042306140    -0.042306044
    -0.042306140     5.441108723    -0.042306050
    -0.042306044    -0.042306050     5.441108946
     8
Direct
     0.022906714     0.022906695     0.022906711
     0.274694386     0.274694377     0.274694351
     0.527567802     0.527567780     0.033412631
     0.780713030     0.780713004     0.284159694
     0.527567735     0.033412591     0.527567761
     0.780712924     0.284159791     0.780712913
     0.033412538     0.527567761     0.527567776
     0.284159809     0.780712912     0.780712911
---si---
       1.0
     5.450179859     0.009230100     0.009229946
     0.009230100     5.450179904     0.009229706
     0.009229946     0.009229706     5.450179856
     8
Direct
     0.024903009     0.024903031     0.024902747
     0.276749122     0.276749266     0.276748957
     0.529578345     0.529578290     0.028067786
     0.779247226     0.779247388     0.284326387
     0.529578585     0.028068087     0.529578445
     0.779247186     0.284325962     0.779247390
     0.028068191     0.529578549     0.529578573
     0.284325966     0.779247171     0.779247340
---si---
       1.0
     5.445695691    -0.016245918    -0.016245949
    -0.016245918     5.445695728    -0.016246073
    -0.016245949    -0.016246073     5.445695814
     8
Direct
     0.023916177     0.023916178     0.023916042
     0.275733400     0.275733468     0.275733299
     0.528584469     0.528584430     0.030709915
     0.779971820     0.779971889     0.284243985
     0.528584557     0.030710047     0.528584499
     0.779971747     0.284243818     0.779971845
     0.030710073     0.528584552     0.528584571
     0.284243829     0.779971733     0.779971819
---si---
       1.0
     5.446513050     0.006100653     0.006100709
     0.006100653     5.446513095     0.006100623
     0.006100709     0.006100623     5.446513092
     8
Direct
     0.026359526     0.026359582     0.026359584
     0.276562831     0.276562892     0.276562810
     0.529763398     0.529763382     0.030707493
     0.778339110     0.778339124     0.281899086
     0.529763437     0.030707620     0.529763445
     0.778339020     0.281898912     0.778339050
     0.030707623     0.529763498     0.529763535
     0.281898964     0.778339021     0.778339044
---si---
       1.0
     5.446498499     0.005702831     0.005702885
     0.005702831     5.446498544     0.005702799
     0.005702885     0.005702799     5.446498543
     8
Direct
     0.026316029     0.026316083     0.026316083
     0.276548065     0.276548126     0.276548043
     0.529742410     0.529742394     0.030707536
     0.778368176     0.778368191     0.281940831
     0.529742450     0.030707663     0.529742457
     0.778368086     0.281940657     0.778368118
     0.030707667     0.529742510     0.529742546
     0.281940708     0.778368088     0.778368111
---si---
       1.0
     5.438386631     0.004857269     0.004857189
     0.004857269     5.438386686     0.004857142
     0.004857189     0.004857142     5.438386675
     8
Direct
     0.028479787     0.028479756     0.028479999
     0.277429171     0.277429204     0.277429265
     0.527702804     0.527702774     0.032848800
     0.779662360     0.779662365     0.278222366
     0.527702685     0.032848727     0.527702513
     0.779662490     0.278222680     0.779662500
     0.032848485     0.527702639     0.527702637
     0.278222729     0.779662552     0.779662621
---si---
       1.0
     5.443841083     0.005425828     0.005425838
     0.005425828     5.443841130     0.005425765
     0.005425838     0.005425765     5.443841126
     8
Direct
     0.027024868     0.027024894     0.027024974
     0.276836712     0.276836764     0.276836728
     0.529074243     0.529074222     0.031409006
     0.778792145     0.778792157     0.280722676
     0.529074231     0.031409067     0.529074179
     0.778792128     0.280722662     0.778792152
     0.031408990     0.529074256     0.529074280
     0.280722712     0.778792149     0.778792188
---si---
       1.0
     5.440299268     0.002080537     0.002080901
     0.002080537     5.440299318     0.002080822
     0.002080901     0.002080822     5.440299350
     8
Direct
     0.027945760     0.027945773     0.027945988
     0.277377038     0.277377123     0.277376909
     0.528802086     0.528802034     0.030165990
     0.779127183     0.779127171     0.280378850
     0.528802159     0.030165954     0.528802010
     0.779127352     0.280378948     0.779127248
     0.030165891     0.528802199     0.528802079
     0.280378967     0.779127336     0.779127197
