---si---
       1.0
     5.135548815    -0.011106632    -0.011106634
    -0.011106632     5.135548816    -0.011106638
    -0.011106634    -0.011106638     5.135548814
     8
Direct
     0.003887335     0.003887333     0.003887303
     0.267281337     0.267281335     0.267281345
     0.532669408     0.532669411     0.003684031
     0.794918825     0.794918830     0.269939615
     0.532669407     0.003684040     0.532669421
     0.794918848     0.269939588     0.794918839
     0.003684042     0.532669410     0.532669413
     0.269939590     0.794918847     0.794918843
---si---
       1.0
     5.192426919    -0.028877244    -0.028877250
    -0.028877244     5.192426922    -0.028877259
    -0.028877250    -0.028877259     5.192426917
     8
Direct
     0.010107071     0.010107067     0.010106987
     0.268264809     0.268264805     0.268264830
     0.531607128     0.531607136     0.009578480
     0.786788946     0.786788959     0.275176334
     0.531607126     0.009578504     0.531607162
     0.786789004     0.275176263     0.786788980
     0.009578510     0.531607134     0.531607141
     0.275176267     0.786789001     0.786788991
---si---
       1.0
     5.283431886    -0.057310223    -0.057310234
    -0.057310223     5.283431892    -0.057310253
    -0.057310234    -0.057310253     5.283431881
     8
Direct
     0.020058648     0.020058640     0.020058481
     0.269838365     0.269838356     0.269838406
     0.529907481     0.529907495     0.019009599
     0.773781139     0.773781164     0.283555082
     0.529907475     0.019009646     0.529907548
     0.773781254     0.283554943     0.773781207
     0.019009658     0.529907491     0.529907505
     0.283554951     0.773781249     0.773781229
---si---
       1.0
     5.391383990    -0.091038051    -0.091038069
    -0.091038051     5.391384000    -0.091038099
    -0.091038069    -0.091038099     5.391383983
     8
Direct
     0.031863429     0.031863416     0.031863164
     0.271704952     0.271704937     0.271705016
     0.527891321     0.527891343     0.030197002
     0.758350991     0.758351030     0.293494140
     0.527891311     0.030197076     0.527891428
     0.758351173     0.293493918     0.758351099
     0.030197094     0.527891337     0.527891360
     0.293493931     0.758351165     0.758351134
---si---
       1.0
     5.309827347    -0.065557043    -0.065557055
    -0.065557043     5.309827354    -0.065557077
    -0.065557055    -0.065557077     5.309827342
     8
Direct
     0.022945045     0.022945036     0.022944854
     0.270294766     0.270294755     0.270294812
     0.529414508     0.529414524     0.021745041
     0.770008301     0.770008329     0.285985290
     0.529414501     0.021745094     0.529414585
     0.770008432     0.285985130     0.770008378
     0.021745107     0.529414519     0.529414536
     0.285985140     0.770008426     0.770008403
---si---
       1.0
     5.417779385    -0.038735638    -0.038735283
    -0.038735638     5.417779416    -0.038735330
    -0.038735283    -0.038735330     5.417779450
     8
Direct
     0.019015336     0.019015338     0.019015339
     0.277944458     0.277944447     0.277944402
     0.520523382     0.520523363     0.028463829
     0.774823332     0.774823370     0.283645010
     0.520523375     0.028463712     0.520523488
     0.774823402     0.283645049     0.774823342
     0.028463703     0.520523403     0.520523478
     0.283645012     0.774823392     0.774823372
---si---
       1.0
     5.407491815    -0.041291653    -0.041291334
    -0.041291653     5.407491844    -0.041291378
    -0.041291334    -0.041291378     5.407491873
     8
Direct
     0.019389828     0.019389829     0.019389812
     0.277215461     0.277215450     0.277215415
     0.521370685     0.521370669     0.027823544
     0.774364471     0.774364508     0.283868033
     0.521370678     0.027823444     0.521370788
     0.774364547     0.283868053     0.774364487
     0.027823437     0.521370705     0.521370774
     0.283868020     0.774364537     0.774364517
---si---
       1.0
     5.488241896    -0.020636013    -0.020636390
    -0.020636013     5.488242020    -0.020636416
    -0.020636390    -0.020636416     5.488242097
     8
Direct
     0.022721379     0.022721374     0.022721457
     0.266600171     0.266600155     0.266600648
     0.526547724     0.526547711     0.029668799
     0.778479592     0.778479566     0.270746303
     0.526547751     0.029669231     0.526547532
     0.778479157     0.270746285     0.778479438
     0.029669223     0.526547766     0.526547543
     0.270746310     0.778479210     0.778479463
---si---
       1.0
     5.442549121    -0.032324094    -0.032324077
    -0.032324094     5.442549191    -0.032324113
    -0.032324077    -0.032324113     5.442549242
     8
Direct
     0.020836207     0.020836205     0.020836232
     0.272606878     0.272606865     0.272607059
     0.523618275     0.523618260     0.028624654
     0.776151034     0.776151043     0.278171290
     0.523618282     0.028624785     0.523618249
     0.776150888     0.278171293     0.776150976
     0.028624777     0.523618304     0.523618247
     0.278171285     0.776150905     0.776151003
---si---
       1.0
     5.449790548     0.006537528     0.006538237
     0.006537528     5.449790632     0.006538346
     0.006538237     0.006538346     5.449790558
     8
Direct
     0.022654555     0.022654745     0.022654739
     0.271748195     0.271748156     0.271747380
     0.526196092     0.526196043     0.022050742
     0.775685272     0.775685228     0.279770734
     0.526196073     0.022050242     0.526196531
     0.775685764     0.279771096     0.775685433
     0.022050071     0.526196167     0.526196621
     0.279771240     0.775685749     0.775685398
---si---
       1.0
     5.445029028    -0.019015503    -0.019015249
    -0.019015503     5.445029103    -0.019015236
    -0.019015249    -0.019015236     5.445029110
     8
Direct
     0.021458920     0.021458984     0.021458999
     0.272312812     0.272312790     0.272312652
     0.524501077     0.524501050     0.026373345
     0.775991528     0.775991519     0.278719037
     0.524501075     0.026373260     0.524501211
     0.775991601     0.278719163     0.775991545
     0.026373196     0.524501122     0.524501239
     0.278719208     0.775991607     0.775991552
---si---
       1.0
     5.444133117    -0.004633960    -0.004634358
    -0.004633960     5.444133195    -0.004634431
    -0.004634358    -0.004634431     5.444133124
     8
Direct
     0.022593674     0.022593646     0.022593484
     0.272962428     0.272962448     0.272962459
     0.525334070     0.525334048     0.026291435
     0.774958605     0.774958605     0.277571913
     0.525334132     0.026291605     0.525334021
     0.774958723     0.277571764     0.774958834
     0.026291592     0.525334211     0.525334104
     0.277571742     0.774958749     0.774958851
---si---
       1.0
     5.442699661     0.018376508     0.018375068
     0.018376508     5.442699743     0.018374855
     0.018375068     0.018374855     5.442699546
     8
Direct
     0.024409279     0.024409106     0.024408658
     0.274001813     0.274001901     0.274002151
     0.526666860     0.526666846     0.026160379
     0.773305927     0.773305943     0.275736516
     0.526667023     0.026160957     0.526666517
     0.773306118     0.275735926     0.773306495
     0.026161024     0.526667155     0.526666686
     0.275735796     0.773306177     0.773306529
---si---
       1.0
     5.443918294    -0.001185531    -0.001186086
    -0.001185531     5.443918373    -0.001186180
    -0.001186086    -0.001186180     5.443918283
     8
Direct
     0.022865767     0.022865718     0.022865512
     0.273118194     0.273118224     0.273118271
     0.525533807     0.525533786     0.026271795
     0.774710929     0.774710932     0.277296854
     0.525533884     0.026272026     0.525533713
     0.774711058     0.277296639     0.774711208
     0.026272024     0.525533971     0.525533809
     0.277296600     0.774711089     0.774711228
---si---
       1.0
     5.439478341     0.009853010     0.009854986
     0.009853010     5.439478341     0.009855045
     0.009854986     0.009855045     5.439478383
     8
Direct
     0.024461617     0.024461816     0.024462761
     0.274808329     0.274808430     0.274807853
     0.524047662     0.524047830     0.027121715
     0.775265921     0.775265887     0.274955887
     0.524047688     0.027121334     0.524048354
     0.775266103     0.274956836     0.775265330
     0.027121219     0.524047716     0.524048322
     0.274957004     0.775266001     0.775265375
---si---
       1.0
     5.442317942     0.002793238     0.002793595
     0.002793238     5.442317993     0.002793557
     0.002793595     0.002793557     5.442317951
     8
Direct
     0.023440980     0.023441021     0.023441230
     0.273727392     0.273727448     0.273727270
     0.524998136     0.524998183     0.026578143
     0.774910972     0.774910962     0.276453068
     0.524998194     0.026578153     0.524998325
     0.774911120     0.276453273     0.774910938
     0.026578111     0.524998260     0.524998375
     0.276453308     0.774911103     0.774910967
