---siesta---
       1.0
     5.336125585    -0.008752143    -0.008752272
    -0.008752143     5.336125566    -0.008752300
    -0.008752272    -0.008752300     5.336125693
     8
Direct
     0.004590465     0.004590447     0.004590413
     0.257147920     0.257147929     0.257147945
     0.512637957     0.512637961     0.004318551
     0.764978601     0.764978601     0.257932690
     0.512637965     0.004318582     0.512637959
     0.764978588     0.257932637     0.764978640
     0.004318590     0.512637966     0.512637952
     0.257932651     0.764978587     0.764978636
---siesta---
       1.0
     5.393926521    -0.022755572    -0.022755908
    -0.022755572     5.393926473    -0.022755980
    -0.022755908    -0.022755980     5.393926803
     8
Direct
     0.011935208     0.011935163     0.011935073
     0.258018554     0.258018577     0.258018619
     0.511726613     0.511726622     0.011228232
     0.757246248     0.757246250     0.260058957
     0.511726634     0.011228313     0.511726618
     0.757246217     0.260058819     0.757246352
     0.011228333     0.511726636     0.511726599
     0.260058856     0.757246213     0.757246341
---siesta---
       1.0
     5.383148016    -0.020144264    -0.020144562
    -0.020144264     5.383147973    -0.020144625
    -0.020144562    -0.020144625     5.383148265
     8
Direct
     0.010565587     0.010565548     0.010565468
     0.257856202     0.257856222     0.257856259
     0.511896557     0.511896565     0.009939740
     0.758688149     0.758688150     0.259662459
     0.511896576     0.009939812     0.511896561
     0.758688121     0.259662336     0.758688241
     0.009939830     0.511896578     0.511896545
     0.259662369     0.758688118     0.758688231
---siesta---
       1.0
     5.493915421     0.009801371     0.009801976
     0.009801371     5.493915427     0.009801986
     0.009801976     0.009801986     5.493915594
     8
Direct
     0.007833809     0.007833866     0.007834245
     0.266656122     0.266656099     0.266655893
     0.503117264     0.503117208     0.010421846
     0.761332509     0.761332478     0.265469407
     0.503116956     0.010421581     0.503117343
     0.761332485     0.265469622     0.761332364
     0.010421566     0.503117005     0.503117434
     0.265469590     0.761332456     0.761332299
---siesta---
       1.0
     5.428971465    -0.007756032    -0.007755956
    -0.007756032     5.428971442    -0.007755990
    -0.007755956    -0.007755990     5.428971682
     8
Direct
     0.009435476     0.009435476     0.009435586
     0.261496647     0.261496649     0.261496586
     0.508264645     0.508264626     0.010139183
     0.759782096     0.759782084     0.262064739
     0.508264529     0.010139115     0.508264680
     0.759782070     0.262064757     0.759782090
     0.010139120     0.508264550     0.508264708
     0.262064763     0.759782056     0.759782057
---siesta---
       1.0
     5.483883009    -0.001036328    -0.001037036
    -0.001036328     5.483883040    -0.001037094
    -0.001037036    -0.001037094     5.483883197
     8
Direct
     0.009508086     0.009508155     0.009508320
     0.259189739     0.259189690     0.259189925
     0.510044680     0.510044707     0.010795354
     0.760494476     0.760494507     0.258835191
     0.510044958     0.010795166     0.510044729
     0.760494289     0.258834779     0.760494311
     0.010795198     0.510045001     0.510044829
     0.258834845     0.760494260     0.760494323
---siesta---
       1.0
     5.450335981    -0.005141587    -0.005141816
    -0.005141587     5.450335979    -0.005141859
    -0.005141816    -0.005141859     5.450336187
     8
Direct
     0.009463726     0.009463753     0.009463885
     0.260599095     0.260599077     0.260599130
     0.508957205     0.508957205     0.010394480
     0.760059263     0.760059268     0.260808214
     0.508957243     0.010394366     0.508957247
     0.760059174     0.260808064     0.760059195
     0.010394381     0.508957273     0.508957302
     0.260808094     0.760059154     0.760059180
---siesta---
       1.0
     5.436843993    -0.005597416    -0.005597838
    -0.005597416     5.436844047    -0.005598030
    -0.005597838    -0.005598030     5.436844319
     8
Direct
     0.010033089     0.010032985     0.010032871
     0.258712927     0.258712992     0.258712988
     0.510805204     0.510805134     0.009890800
     0.759617972     0.759617933     0.259752415
     0.510805026     0.009890920     0.510805018
     0.759617966     0.259752297     0.759618000
     0.009890869     0.510805040     0.510805019
     0.259752268     0.759618093     0.759618079
---siesta---
       1.0
     5.444304920    -0.005345347    -0.005345663
    -0.005345347     5.444304943    -0.005345772
    -0.005345663    -0.005345772     5.444305180
     8
Direct
     0.009718238     0.009718206     0.009718228
     0.259755958     0.259755977     0.259756005
     0.509783280     0.509783249     0.010169330
     0.759862001     0.759861986     0.260336261
     0.509783221     0.010169320     0.509783220
     0.759861949     0.260336125     0.759861976
     0.010169306     0.509783244     0.509783251
     0.260336129     0.759861995     0.759862003
