---si---
       1.0
     5.662255697     0.005188770     0.005188816
     0.005188770     5.662255703     0.005188820
     0.005188816     0.005188820     5.662255718
     8
Direct
    -0.004296100    -0.004296099    -0.004296098
     0.238052953     0.238052947     0.238052924
     0.477647364     0.477647364    -0.005012643
     0.720035414     0.720035409     0.239036769
     0.477647364    -0.005012650     0.477647376
     0.720035414     0.239036795     0.720035407
    -0.005012651     0.477647368     0.477647384
     0.239036789     0.720035406     0.720035402
---si---
       1.0
     5.601864811     0.013490801     0.013490922
     0.013490801     5.601864828     0.013490931
     0.013490922     0.013490931     5.601864868
     8
Direct
    -0.011169860    -0.011169856    -0.011169855
     0.237183292     0.237183277     0.237183216
     0.478374375     0.478374373    -0.013032872
     0.726828918     0.726828905     0.239741212
     0.478374375    -0.013032889     0.478374407
     0.726828918     0.239741281     0.726828900
    -0.013032892     0.478374385     0.478374428
     0.239741265     0.726828899     0.726828887
---si---
       1.0
     5.505239395     0.026774052     0.026774291
     0.026774052     5.505239429     0.026774309
     0.026774291     0.026774309     5.505239507
     8
Direct
    -0.022167877    -0.022167869    -0.022167866
     0.235791834     0.235791805     0.235791684
     0.479537592     0.479537589    -0.025865238
     0.737698525     0.737698498     0.240868322
     0.479537593    -0.025865272     0.479537655
     0.737698525     0.240868458     0.737698489
    -0.025865278     0.479537613     0.479537697
     0.240868428     0.737698486     0.737698463
---si---
       1.0
     5.544451058     0.021383562     0.021383753
     0.021383562     5.544451085     0.021383767
     0.021383753     0.021383767     5.544451147
     8
Direct
    -0.017704760    -0.017704754    -0.017704751
     0.236356503     0.236356480     0.236356383
     0.479065546     0.479065543    -0.020657722
     0.733287518     0.733287497     0.240410929
     0.479065547    -0.020657749     0.479065596
     0.733287519     0.240411037     0.733287489
    -0.020657754     0.479065562     0.479065629
     0.240411013     0.733287487     0.733287469
---si---
       1.0
     5.423798702    -0.003684137    -0.003684713
    -0.003684137     5.423798775    -0.003684737
    -0.003684713    -0.003684737     5.423799032
     8
Direct
    -0.019183082    -0.019183060    -0.019183103
     0.229247741     0.229247742     0.229247878
     0.486353454     0.486353439    -0.018007205
     0.734599941     0.734599953     0.229141378
     0.486353401    -0.018007047     0.486353317
     0.734599876     0.229141363     0.734599958
    -0.018006987     0.486353397     0.486353339
     0.229141381     0.734599856     0.734599971
---si---
       1.0
     5.462637273     0.004385275     0.004384946
     0.004385275     5.462637331     0.004384934
     0.004384946     0.004384934     5.462637526
     8
Direct
    -0.018707203    -0.018707186    -0.018707214
     0.231536086     0.231536079     0.231536140
     0.484007441     0.484007431    -0.018860419
     0.734177466     0.734177467     0.232769100
     0.484007406    -0.018860321     0.484007365
     0.734177422     0.232769125     0.734177468
    -0.018860281     0.484007408     0.484007390
     0.232769129     0.734177398     0.734177471
---si---
       1.0
     5.423163838    -0.009428933    -0.009428113
    -0.009428933     5.423163916    -0.009428108
    -0.009428113    -0.009428108     5.423164444
     8
Direct
    -0.012380944    -0.012381079    -0.012381446
     0.236078522     0.236078496     0.236078109
     0.479693682     0.479693729    -0.010164889
     0.727687629     0.727687515     0.234360843
     0.479693848    -0.010164760     0.479694254
     0.727687555     0.234360843     0.727687753
    -0.010164895     0.479693927     0.479694335
     0.234360936     0.727687651     0.727687817
---si---
       1.0
     5.453419437     0.001159382     0.001159321
     0.001159382     5.453419500     0.001159313
     0.001159321     0.001159313     5.453419772
     8
Direct
    -0.017229895    -0.017229914    -0.017230021
     0.232596835     0.232596824     0.232596780
     0.483000092     0.483000095    -0.016829839
     0.732661959     0.732661934     0.233140804
     0.483000104    -0.016829734     0.483000167
     0.732661908     0.233140823     0.732661990
    -0.016829735     0.483000124     0.483000206
     0.233140848     0.732661912     0.732662007
