---si---
       1.0
     5.241036768    -0.009435001    -0.009434983
    -0.009435001     5.241036762    -0.009434994
    -0.009434983    -0.009434994     5.241036770
     8
Direct
     0.004012680     0.004012674     0.004012684
     0.262104458     0.262104458     0.262104478
     0.522496789     0.522496786     0.003704849
     0.780015832     0.780015839     0.263617982
     0.522496801     0.003704867     0.522496797
     0.780015840     0.263617987     0.780015836
     0.003704868     0.522496802     0.522496802
     0.263617977     0.780015845     0.780015841
---si---
       1.0
     5.306695597    -0.024531003    -0.024530956
    -0.024531003     5.306695582    -0.024530985
    -0.024530956    -0.024530985     5.306695602
     8
Direct
     0.010432968     0.010432952     0.010432978
     0.263010051     0.263010053     0.263010105
     0.521568573     0.521568568     0.009632607
     0.772656549     0.772656567     0.266945214
     0.521568605     0.009632654     0.521568596
     0.772656568     0.266945229     0.772656559
     0.009632657     0.521568608     0.521568608
     0.266945203     0.772656581     0.772656570
---si---
       1.0
     5.411749724    -0.048684606    -0.048684513
    -0.048684606     5.411749693    -0.048684570
    -0.048684513    -0.048684570     5.411749733
     8
Direct
     0.020705429     0.020705398     0.020705449
     0.264459001     0.264459004     0.264459109
     0.520083429     0.520083418     0.019117020
     0.760881695     0.760881732     0.272268785
     0.520083492     0.019117113     0.520083474
     0.760881733     0.272268815     0.760881716
     0.019117119     0.520083497     0.520083498
     0.272268763     0.760881760     0.760881738
---si---
       1.0
     5.394020974    -0.044608486    -0.044608401
    -0.044608486     5.394020946    -0.044608453
    -0.044608401    -0.044608453     5.394020983
     8
Direct
     0.018971867     0.018971838     0.018971885
     0.264214479     0.264214482     0.264214577
     0.520334059     0.520334049     0.017516447
     0.762868798     0.762868832     0.271370388
     0.520334117     0.017516532     0.520334101
     0.762868833     0.271370416     0.762868818
     0.017516538     0.520334122     0.520334122
     0.271370368     0.762868858     0.762868838
---si---
       1.0
     5.504089374    -0.017332031    -0.017331876
    -0.017332031     5.504089063    -0.017331858
    -0.017331876    -0.017331858     5.504089798
     8
Direct
     0.014468366     0.014468304     0.014468511
     0.271442099     0.271442087     0.271442064
     0.512821620     0.512821634     0.018244783
     0.767440029     0.767439984     0.273765554
     0.512821704     0.018244809     0.512821753
     0.767440012     0.273765558     0.767439955
     0.018244757     0.512821735     0.512821760
     0.273765549     0.767440063     0.767439965
---si---
       1.0
     5.484326613    -0.022229514    -0.022229371
    -0.022229514     5.484326353    -0.022229365
    -0.022229371    -0.022229365     5.484326963
     8
Direct
     0.015276969     0.015276912     0.015277091
     0.270144382     0.270144372     0.270144370
     0.514170477     0.514170487     0.018114011
     0.766619266     0.766619234     0.273335502
     0.514170556     0.018114047     0.514170594
     0.766619258     0.273335511     0.766619208
     0.018114005     0.514170582     0.514170603
     0.273335495     0.766619304     0.766619220
---si---
       1.0
     5.570815537    -0.010642060    -0.010642583
    -0.010642060     5.570815265    -0.010642704
    -0.010642583    -0.010642704     5.570815909
     8
Direct
     0.015444426     0.015444540     0.015444568
     0.263734411     0.263734450     0.263734691
     0.518527588     0.518527570     0.019917266
     0.769473439     0.769473508     0.263633874
     0.518527588     0.019917363     0.518527319
     0.769473325     0.263633723     0.769473653
     0.019917450     0.518527604     0.518527440
     0.263633691     0.769473325     0.769473599
---si---
       1.0
     5.526058273    -0.016638466    -0.016638645
    -0.016638466     5.526058007    -0.016638700
    -0.016638645    -0.016638700     5.526058634
     8
Direct
     0.015357768     0.015357794     0.015357900
     0.267051515     0.267051528     0.267051644
     0.516272821     0.516272817     0.018984097
     0.767996429     0.767996446     0.268654382
     0.516272862     0.018984163     0.516272752
     0.767996370     0.268654313     0.767996503
     0.018984183     0.516272883     0.516272815
     0.268654290     0.767996394     0.767996483
---si---
       1.0
     5.506604315     0.001569379     0.001570548
     0.001569379     5.506604490     0.001570581
     0.001570548     0.001570581     5.506604737
     8
Direct
     0.018588272     0.018588212     0.018587942
     0.263778971     0.263778995     0.263778252
     0.520165329     0.520165458     0.014360185
     0.766065622     0.766065497     0.269612278
     0.520165373     0.014359883     0.520166344
     0.766065945     0.269613090     0.766065021
     0.014359791     0.520165507     0.520166339
     0.269612967     0.766066246     0.766065323
---si---
       1.0
     5.521718630    -0.012576797    -0.012576675
    -0.012576797     5.521718463    -0.012576711
    -0.012576675    -0.012576711     5.521719005
     8
Direct
     0.016078405     0.016078411     0.016078434
     0.266321500     0.266321516     0.266321440
     0.517141133     0.517141158     0.017952630
     0.767565719     0.767565705     0.268868062
     0.517141174     0.017952613     0.517141305
     0.767565745     0.268868190     0.767565642
     0.017952608     0.517141221     0.517141353
     0.268868145     0.767565831     0.767565694
---si---
       1.0
     5.517408991    -0.002213108    -0.002213658
    -0.002213108     5.517409020    -0.002213646
    -0.002213658    -0.002213646     5.517409277
     8
Direct
     0.016187242     0.016187457     0.016187129
     0.266953090     0.266953104     0.266953272
     0.517291739     0.517291761     0.017512822
     0.767614248     0.767614259     0.268331511
     0.517291881     0.017513136     0.517291669
     0.767614141     0.268331402     0.767614270
     0.017513168     0.517291956     0.517291730
     0.268331416     0.767614221     0.767614268
---si---
       1.0
     5.518340403    -0.004452938    -0.004453343
    -0.004452938     5.518340389    -0.004453341
    -0.004453343    -0.004453341     5.518340708
     8
Direct
     0.016163720     0.016163889     0.016163638
     0.266816589     0.266816604     0.266816718
     0.517259190     0.517259212     0.017607874
     0.767603760     0.767603766     0.268447472
     0.517259310     0.017608117     0.517259172
     0.767603682     0.268447414     0.767603760
     0.017608141     0.517259379     0.517259230
     0.268447416     0.767603763     0.767603770
---si---
       1.0
     5.516790852     0.001954395     0.001954397
     0.001954395     5.516791001     0.001954328
     0.001954397     0.001954328     5.516791094
     8
Direct
     0.016904772     0.016904939     0.016904839
     0.267008998     0.267009047     0.267008954
     0.517447589     0.517447616     0.017932235
     0.767289725     0.767289709     0.267564293
     0.517447621     0.017932449     0.517447539
     0.767289654     0.267564308     0.767289562
     0.017932467     0.517447685     0.517447592
     0.267564288     0.767289785     0.767289630
