---si---
       1.0
     5.495255774    -0.001678423    -0.001678700
    -0.001678423     5.495255775    -0.001678766
    -0.001678700    -0.001678766     5.495255954
     8
Direct
     0.001008427     0.001008410     0.001008262
     0.250571724     0.250571693     0.250571612
     0.500823929     0.500823928     0.000984470
     0.750366546     0.750366584     0.250595119
     0.500823945     0.000984700     0.500823895
     0.750366566     0.250595140     0.750366679
     0.000984701     0.500823954     0.500823872
     0.250595149     0.750366595     0.750366696
---si---
       1.0
     5.599665012    -0.004363900    -0.004364621
    -0.004363900     5.599665016    -0.004364793
    -0.004364621    -0.004364793     5.599665480
     8
Direct
     0.002621911     0.002621866     0.002621482
     0.250749834     0.250749754     0.250749543
     0.500668920     0.500668916     0.002559623
     0.748743075     0.748743173     0.250810661
     0.500668961     0.002560221     0.500668831
     0.748743126     0.250810717     0.748743420
     0.002560224     0.500668984     0.500668771
     0.250810740     0.748743202     0.748743464
---si---
       1.0
     5.516932457    -0.002235962    -0.002236332
    -0.002235962     5.516932460    -0.002236420
    -0.002236332    -0.002236420     5.516932697
     8
Direct
     0.001343407     0.001343384     0.001343187
     0.250608702     0.250608661     0.250608553
     0.500791748     0.500791746     0.001311492
     0.750029493     0.750029543     0.250639868
     0.500791769     0.001311798     0.500791702
     0.750029519     0.250639897     0.750029669
     0.001311800     0.500791780     0.500791671
     0.250639909     0.750029558     0.750029692
---si---
       1.0
     5.549038791     0.017833069     0.017838757
     0.017833069     5.549038865     0.017839282
     0.017838757     0.017839282     5.549039394
     8
Direct
    -0.004897194    -0.004896932    -0.004894394
     0.253447710     0.253448052     0.253447790
     0.498006766     0.498006862    -0.004548373
     0.756361835     0.756361486     0.253183856
     0.498006331    -0.004550640     0.498007826
     0.756361736     0.253185143     0.756359176
    -0.004550779     0.498006629     0.498007580
     0.253184905     0.756361161     0.756358825
---si---
       1.0
     5.520254619    -0.000159345    -0.000159087
    -0.000159345     5.520254629    -0.000159112
    -0.000159087    -0.000159112     5.520254897
     8
Direct
     0.000697669     0.000697675     0.000697762
     0.250902465     0.250902463     0.250902339
     0.500503575     0.500503583     0.000705150
     0.750684724     0.750684733     0.250903104
     0.500503549     0.000705190     0.500503644
     0.750684737     0.250903263     0.750684607
     0.000705177     0.500503590     0.500503591
     0.250903249     0.750684712     0.750684591
---si---
       1.0
     5.524465247     0.003158081     0.003158848
     0.003158081     5.524465291     0.003158939
     0.003158848     0.003158939     5.524465507
     8
Direct
     0.000140849     0.000140889     0.000141068
     0.250661712     0.250661782     0.250662054
     0.500764162     0.500764145     0.000195662
     0.751294986     0.751294926     0.250635038
     0.500764100     0.000195547     0.500763983
     0.751294957     0.250635105     0.751294678
     0.000195428     0.500764135     0.500763975
     0.250635049     0.751294879     0.751294624
---si---
       1.0
     5.519270364    -0.000934810    -0.000934672
    -0.000934810     5.519270365    -0.000934723
    -0.000934672    -0.000934723     5.519270645
     8
Direct
     0.000827828     0.000827827     0.000827892
     0.250958742     0.250958724     0.250958507
     0.500442662     0.500442676     0.000824246
     0.750542072     0.750542097     0.250965766
     0.500442644     0.000824322     0.500442788
     0.750542095     0.250965946     0.750542000
     0.000824333     0.500442687     0.500442725
     0.250965942     0.750542083     0.750541993
---si---
       1.0
     5.495246196    -0.001687457    -0.001687780
    -0.001687457     5.495246202    -0.001687832
    -0.001687780    -0.001687832     5.495246443
     8
Direct
     0.001012902     0.001012833     0.001012644
     0.250573385     0.250573368     0.250573300
     0.500821958     0.500821969     0.000988392
     0.750362510     0.750362535     0.250597425
     0.500821990     0.000988645     0.500821918
     0.750362483     0.250597407     0.750362627
     0.000988654     0.500822023     0.500821946
     0.250597413     0.750362524     0.750362643
---si---
       1.0
     5.599640109    -0.004387389    -0.004388227
    -0.004387389     5.599640125    -0.004388364
    -0.004388227    -0.004388364     5.599640752
     8
Direct
     0.002633545     0.002633366     0.002632875
     0.250754152     0.250754110     0.250753932
     0.500663793     0.500663824     0.002569820
     0.748732582     0.748732645     0.250816657
     0.500663878     0.002570477     0.500663689
     0.748732511     0.250816609     0.748732886
     0.002570502     0.500663963     0.500663764
     0.250816625     0.748732619     0.748732927
---si---
       1.0
     5.516695097    -0.002242189    -0.002242617
    -0.002242189     5.516695105    -0.002242687
    -0.002242617    -0.002242687     5.516695426
     8
Direct
     0.001345881     0.001345790     0.001345539
     0.250610525     0.250610504     0.250610413
     0.500789461     0.500789477     0.001313314
     0.750027623     0.750027656     0.250642469
     0.500789504     0.001313650     0.500789408
     0.750027587     0.250642444     0.750027779
     0.001313663     0.500789548     0.500789446
     0.250642452     0.750027642     0.750027800
---si---
       1.0
     5.548974565     0.016630592     0.016636141
     0.016630592     5.548974628     0.016636785
     0.016636141     0.016636785     5.548974213
     8
Direct
    -0.004877571    -0.004877103    -0.004874623
     0.253393113     0.253393312     0.253392502
     0.498076142     0.498076120    -0.004630706
     0.756357409     0.756357167     0.253231822
     0.498075575    -0.004633261     0.498076759
     0.756358040     0.253233820     0.756355044
    -0.004633846     0.498075501     0.498076927
     0.253233857     0.756357552     0.756354902
---si---
       1.0
     5.520073784    -0.000266778    -0.000266581
    -0.000266778     5.520073798    -0.000266575
    -0.000266581    -0.000266575     5.520074041
     8
Direct
     0.000694474     0.000694441     0.000694475
     0.250901778     0.250901780     0.250901614
     0.500505458     0.500505470     0.000691155
     0.750690161     0.750690165     0.250913496
     0.500505438     0.000691188     0.500505475
     0.750690195     0.250913683     0.750690053
     0.000691138     0.500505469     0.500505527
     0.250913694     0.750690193     0.750690056
---si---
       1.0
     5.524529351     0.002586197     0.002586196
     0.002586197     5.524529393     0.002586212
     0.002586196     0.002586212     5.524529032
     8
Direct
     0.000125663     0.000125780     0.000125871
     0.250644679     0.250644786     0.250644918
     0.500776003     0.500775957     0.000165974
     0.751301329     0.751301336     0.250619872
     0.500775830     0.000165865     0.500775681
     0.751301261     0.250619978     0.751301007
     0.000165728     0.500775796     0.500775688
     0.250620013     0.751301244     0.751300902
---si---
       1.0
     5.519138071    -0.000865930    -0.000865692
    -0.000865930     5.519138079    -0.000865689
    -0.000865692    -0.000865689     5.519138449
     8
Direct
     0.000813929     0.000813865     0.000813888
     0.250955771     0.250955751     0.250955522
     0.500448641     0.500448665     0.000801448
     0.750561809     0.750561812     0.250975160
     0.500448653     0.000801510     0.500448730
     0.750561865     0.250975364     0.750561746
     0.000801479     0.500448698     0.500448791
     0.250975370     0.750561866     0.750561773
