---si---
       1.0
     5.285971539    -0.009282076    -0.009282026
    -0.009282076     5.285971542    -0.009282043
    -0.009282026    -0.009282043     5.285971595
     8
Direct
     0.004495778     0.004495771     0.004495774
     0.259620862     0.259620869     0.259620827
     0.517495383     0.517495383     0.004164448
     0.772228455     0.772228462     0.260819952
     0.517495406     0.004164432     0.517495384
     0.772228435     0.260819953     0.772228470
     0.004164441     0.517495393     0.517495384
     0.260819949     0.772228442     0.772228466
---si---
       1.0
     5.343526002    -0.024133398    -0.024133268
    -0.024133398     5.343526008    -0.024133311
    -0.024133268    -0.024133311     5.343526147
     8
Direct
     0.011689023     0.011689005     0.011689013
     0.260538051     0.260538068     0.260537960
     0.516535616     0.516535616     0.010827564
     0.764365412     0.764365430     0.263655685
     0.516535674     0.010827524     0.516535617
     0.764365360     0.263655687     0.764365451
     0.010827548     0.516535642     0.516535619
     0.263655677     0.764365377     0.764365439
---si---
       1.0
     5.435613142    -0.047895513    -0.047895255
    -0.047895513     5.435613155    -0.047895340
    -0.047895255    -0.047895340     5.435613431
     8
Direct
     0.023198215     0.023198178     0.023198194
     0.262005552     0.262005588     0.262005373
     0.514999988     0.514999988     0.021488550
     0.751784543     0.751784578     0.268192858
     0.515000102     0.021488470     0.514999991
     0.751784439     0.268192861     0.751784621
     0.021488518     0.515000040     0.514999993
     0.268192841     0.751784473     0.751784597
---si---
       1.0
     5.364501223    -0.029545833    -0.029545673
    -0.029545833     5.364501230    -0.029545726
    -0.029545673    -0.029545726     5.364501401
     8
Direct
     0.014310538     0.014310516     0.014310526
     0.260872312     0.260872334     0.260872201
     0.516185837     0.516185837     0.013255878
     0.761499795     0.761499816     0.264689144
     0.516185908     0.013255829     0.516185839
     0.761499731     0.264689145     0.761499843
     0.013255859     0.516185869     0.516185840
     0.264689133     0.761499751     0.761499828
---si---
       1.0
     5.475628145     0.000811044     0.000810986
     0.000811044     5.475628154     0.000811012
     0.000810986     0.000811012     5.475628571
     8
Direct
     0.010954965     0.010954959     0.010954833
     0.269693016     0.269692971     0.269693023
     0.507271118     0.507271158     0.014755597
     0.764805754     0.764805728     0.268927810
     0.507271027     0.014755486     0.507271122
     0.764805669     0.268927703     0.764805694
     0.014755469     0.507271087     0.507271128
     0.268927666     0.764805682     0.764805668
---si---
       1.0
     5.423635970    -0.013391815    -0.013391771
    -0.013391815     5.423635978    -0.013391782
    -0.013391771    -0.013391782     5.423636280
     8
Direct
     0.012524913     0.012524900     0.012524838
     0.265566135     0.265566121     0.265566087
     0.511441985     0.511442006     0.014053934
     0.763259018     0.763259014     0.266944695
     0.511441970     0.014053852     0.511441988
     0.763258943     0.266944639     0.763259009
     0.014053857     0.511441983     0.511441992
     0.266944613     0.763258959     0.763258988
---si---
       1.0
     5.488935752    -0.002735713    -0.002735887
    -0.002735713     5.488935750    -0.002735871
    -0.002735887    -0.002735871     5.488935847
     8
Direct
     0.012675646     0.012675735     0.012675875
     0.261868464     0.261868454     0.261868568
     0.513862948     0.513862988     0.015180015
     0.764822260     0.764822198     0.261451169
     0.513862847     0.015179947     0.513862919
     0.764822121     0.261451260     0.764821913
     0.015179841     0.513862930     0.513862900
     0.261451367     0.764822052     0.764821938
---si---
       1.0
     5.451473343    -0.008849106    -0.008849155
    -0.008849106     5.451473347    -0.008849155
    -0.008849155    -0.008849155     5.451473561
     8
Direct
     0.012589171     0.012589201     0.012589225
     0.263989814     0.263989801     0.263989830
     0.512474045     0.512474074     0.014533984
     0.763925430     0.763925401     0.264602798
     0.512473993     0.014533908     0.512474034
     0.763925328     0.264602805     0.763925276
     0.014533865     0.512474036     0.512474028
     0.264602836     0.763925308     0.763925275
---si---
       1.0
     5.432207545    -0.007062208    -0.007062622
    -0.007062208     5.432207567    -0.007062909
    -0.007062622    -0.007062909     5.432207558
     8
Direct
     0.013738506     0.013738283     0.013737991
     0.261473813     0.261473868     0.261473887
     0.515058474     0.515058300     0.013035290
     0.763054274     0.763054367     0.264043474
     0.515058279     0.013035353     0.515058135
     0.763054261     0.264043508     0.763054668
     0.013035442     0.515058218     0.515058159
     0.264043470     0.763054456     0.763054635
---si---
       1.0
     5.444637078    -0.008215044    -0.008215223
    -0.008215044     5.444637088    -0.008215324
    -0.008215223    -0.008215324     5.444637223
     8
Direct
     0.012997000     0.012996941     0.012996852
     0.263097037     0.263097049     0.263097074
     0.513391102     0.513391059     0.014002188
     0.763616309     0.763616324     0.264404328
     0.513390999     0.014002161     0.513390975
     0.763616239     0.264404344     0.763616350
     0.014002166     0.513391006     0.513390980
     0.264404351     0.763616295     0.763616338
