---si---
       1.0
     5.867793427     0.005015914     0.005015941
     0.005015914     5.867793423     0.005015926
     0.005015941     0.005015926     5.867793446
     8
Direct
    -0.004227054    -0.004227052    -0.004227054
     0.229877801     0.229877810     0.229877789
     0.461563481     0.461563479    -0.005548312
     0.695692095     0.695692096     0.231493910
     0.461563470    -0.005548307     0.461563479
     0.695692110     0.231493910     0.695692105
    -0.005548299     0.461563474     0.461563485
     0.231493902     0.695692100     0.695692097
---si---
       1.0
     5.816262910     0.013041376     0.013041447
     0.013041376     5.816262901     0.013041409
     0.013041447     0.013041409     5.816262960
     8
Direct
    -0.010990341    -0.010990334    -0.010990341
     0.228868724     0.228868748     0.228868691
     0.462437931     0.462437927    -0.014425610
     0.702358769     0.702358771     0.233070606
     0.462437903    -0.014425598     0.462437927
     0.702358809     0.233070606     0.702358794
    -0.014425579     0.462437914     0.462437943
     0.233070586     0.702358782     0.702358774
---si---
       1.0
     5.733814083     0.025882115     0.025882255
     0.025882115     5.733814064     0.025882180
     0.025882255     0.025882180     5.733814182
     8
Direct
    -0.021811600    -0.021811586    -0.021811599
     0.227254200     0.227254248     0.227254136
     0.463837052     0.463837043    -0.028629288
     0.713025448     0.713025452     0.235593319
     0.463836996    -0.028629264     0.463837044
     0.713025527     0.235593319     0.713025497
    -0.028629225     0.463837018     0.463837075
     0.235593279     0.713025474     0.713025457
---si---
       1.0
     5.629687260     0.042099028     0.042099256
     0.042099028     5.629687229     0.042099134
     0.042099256     0.042099134     5.629687421
     8
Direct
    -0.035478057    -0.035478034    -0.035478056
     0.225215174     0.225215253     0.225215070
     0.465604038     0.465604025    -0.046567491
     0.726496681     0.726496687     0.238779321
     0.465603948    -0.046567452     0.465604026
     0.726496809     0.238779322     0.726496761
    -0.046567389     0.465603984     0.465604076
     0.238779257     0.726496724     0.726496696
---si---
       1.0
     5.688944039     0.032870263     0.032870441
     0.032870263     5.688944015     0.032870345
     0.032870441     0.032870345     5.688944164
     8
Direct
    -0.027700712    -0.027700694    -0.027700711
     0.226375548     0.226375610     0.226375467
     0.464598477     0.464598466    -0.036359169
     0.718830435     0.718830440     0.236966222
     0.464598406    -0.036359139     0.464598467
     0.718830535     0.236966223     0.718830497
    -0.036359090     0.464598434     0.464598506
     0.236966172     0.718830468     0.718830446
---si---
       1.0
     5.564058314     0.012240430     0.012240198
     0.012240430     5.564058243     0.012240175
     0.012240198     0.012240175     5.564058500
     8
Direct
    -0.032162325    -0.032162302    -0.032162291
     0.219535986     0.219536030     0.219535974
     0.471190467     0.471190476    -0.034764932
     0.723511367     0.723511343     0.224208362
     0.471190486    -0.034764838     0.471190397
     0.723511371     0.224208309     0.723511392
    -0.034764838     0.471190526     0.471190426
     0.224208299     0.723511308     0.723511364
---si---
       1.0
     5.439172590    -0.008389403    -0.008390045
    -0.008389403     5.439172471    -0.008389995
    -0.008390045    -0.008389995     5.439172836
     8
Direct
    -0.036623938    -0.036623910    -0.036623870
     0.212696424     0.212696451     0.212696482
     0.477782458     0.477782487    -0.033170696
     0.728192298     0.728192246     0.211450502
     0.477782567    -0.033170537     0.477782326
     0.728192208     0.211450396     0.728192288
    -0.033170586     0.477782618     0.477782347
     0.211450426     0.728192148     0.728192282
---si---
       1.0
     5.543132817     0.008783753     0.008783453
     0.008783753     5.543132738     0.008783442
     0.008783453     0.008783442     5.543133013
     8
Direct
    -0.032909901    -0.032909876    -0.032909860
     0.218389969     0.218390010     0.218389968
     0.472295002     0.472295015    -0.034497807
     0.724295690     0.724295662     0.222070692
     0.472295037    -0.034497701     0.472294922
     0.724295679     0.222070630     0.724295710
    -0.034497709     0.472295078     0.472294950
     0.222070626     0.724295616     0.724295685
---si---
       1.0
     5.511883123    -0.026920424    -0.026919989
    -0.026920424     5.511883205    -0.026920263
    -0.026919989    -0.026920263     5.511883689
     8
Direct
    -0.022014858    -0.022014918    -0.022015034
     0.221750867     0.221750829     0.221750694
     0.470610517     0.470610508    -0.016559609
     0.711991150     0.711991230     0.217768361
     0.470610486    -0.016559498     0.470610789
     0.711991406     0.217768751     0.711991206
    -0.016559564     0.470610365     0.470610625
     0.217768775     0.711991473     0.711991241
---si---
       1.0
     5.534891197    -0.000632667    -0.000632774
    -0.000632667     5.534891160    -0.000632854
    -0.000632774    -0.000632854     5.534891490
     8
Direct
    -0.030036503    -0.030036501    -0.030036520
     0.219276353     0.219276373     0.219276307
     0.471850746     0.471850753    -0.029766887
     0.721050559     0.721050560     0.220936019
     0.471850763    -0.029766780     0.471850758
     0.721050619     0.220936076     0.721050589
    -0.029766803     0.471850762     0.471850735
     0.220936080     0.721050590     0.721050580
---si---
       1.0
     5.504193496     0.003868106     0.003868439
     0.003868106     5.504193453     0.003868494
     0.003868439     0.003868494     5.504194002
     8
Direct
    -0.030029650    -0.030029603    -0.030029611
     0.222783833     0.222783685     0.222783554
     0.468597278     0.468597235    -0.028137214
     0.721215702     0.721215614     0.222101135
     0.468597412    -0.028137125     0.468597552
     0.721215567     0.222101164     0.721215337
    -0.028137217     0.468597511     0.468597587
     0.222101235     0.721215607     0.721215301
---si---
       1.0
     5.524139628     0.000943685     0.000943732
     0.000943685     5.524139589     0.000943699
     0.000943732     0.000943699     5.524139995
     8
Direct
    -0.030034103    -0.030034085    -0.030034100
     0.220504814     0.220504775     0.220504686
     0.470711251     0.470711240    -0.029196110
     0.721108399     0.721108368     0.221344089
     0.470711308    -0.029196009     0.470711354
     0.721108390     0.221344137     0.721108290
    -0.029196056     0.470711343     0.470711352
     0.221344164     0.721108386     0.721108272
---si---
       1.0
     5.513751706    -0.001964060    -0.001964432
    -0.001964060     5.513751689    -0.001964627
    -0.001964432    -0.001964627     5.513751817
     8
Direct
    -0.028896385    -0.028896372    -0.028896370
     0.220513479     0.220513473     0.220513520
     0.470680884     0.470680833    -0.027995907
     0.720203360     0.720203400     0.220829221
     0.470680861    -0.027995802     0.470680732
     0.720203350     0.220829200     0.720203387
    -0.027995784     0.470680792     0.470680775
     0.220829204     0.720203421     0.720203332
---si---
       1.0
     5.520042690    -0.000203113    -0.000203231
    -0.000203113     5.520042660    -0.000203328
    -0.000203231    -0.000203328     5.520042957
     8
Direct
    -0.029585393    -0.029585377    -0.029585386
     0.220508232     0.220508205     0.220508170
     0.470699274     0.470699248    -0.028722756
     0.720751457     0.720751454     0.221141028
     0.470699300    -0.028722654     0.470699277
     0.720751448     0.221141049     0.720751401
    -0.028722676     0.470699293     0.470699292
     0.221141067     0.720751473     0.720751369
