---siesta---
       1.0
     5.859168643     0.004297310     0.004297330
     0.004297310     5.859168643     0.004297329
     0.004297330     0.004297329     5.859168680
     8
Direct
    -0.003881737    -0.003881732    -0.003881727
     0.229916441     0.229916446     0.229916437
     0.461516983     0.461516983    -0.005123590
     0.695364403     0.695364401     0.231423345
     0.461516992    -0.005123567     0.461517001
     0.695364393     0.231423349     0.695364393
    -0.005123559     0.461517002     0.461517009
     0.231423345     0.695364387     0.695364388
---siesta---
       1.0
     5.793838473     0.011173006     0.011173058
     0.011173006     5.793838473     0.011173054
     0.011173058     0.011173054     5.793838567
     8
Direct
    -0.010092517    -0.010092504    -0.010092490
     0.228969187     0.228969201     0.228969176
     0.462317038     0.462317036    -0.013321334
     0.701506771     0.701506765     0.232887137
     0.462317061    -0.013321274     0.462317085
     0.701506744     0.232887149     0.701506744
    -0.013321253     0.462317085     0.462317105
     0.232887139     0.701506729     0.701506730
---siesta---
       1.0
     5.689310200     0.022174121     0.022174222
     0.022174121     5.689310200     0.022174216
     0.022174222     0.022174216     5.689310386
     8
Direct
    -0.020029764    -0.020029739    -0.020029711
     0.227453581     0.227453608     0.227453559
     0.463597125     0.463597122    -0.026437724
     0.711334558     0.711334548     0.235229204
     0.463597171    -0.026437605     0.463597219
     0.711334505     0.235229228     0.711334505
    -0.026437564     0.463597219     0.463597258
     0.235229208     0.711334476     0.711334478
---siesta---
       1.0
     5.564424428     0.035317767     0.035317929
     0.035317767     5.564424429     0.035317918
     0.035317929     0.035317918     5.564424725
     8
Direct
    -0.031902350    -0.031902309    -0.031902265
     0.225642802     0.225642845     0.225642766
     0.465126516     0.465126512    -0.042108608
     0.723076366     0.723076349     0.238027403
     0.465126589    -0.042108419     0.465126666
     0.723076281     0.238027440     0.723076280
    -0.042108355     0.465126667     0.465126728
     0.238027409     0.723076235     0.723076237
---siesta---
       1.0
     5.600988824     0.031469534     0.031469679
     0.031469534     5.600988825     0.031469669
     0.031469679     0.031469669     5.600989089
     8
Direct
    -0.028426262    -0.028426226    -0.028426186
     0.226172967     0.226173006     0.226172935
     0.464678737     0.464678733    -0.037520444
     0.719638567     0.719638553     0.237208139
     0.464678802    -0.037520275     0.464678871
     0.719638492     0.237208172     0.719638491
    -0.037520218     0.464678871     0.464678926
     0.237208144     0.719638451     0.719638453
---siesta---
       1.0
     5.476103096     0.009359614     0.009359487
     0.009359614     5.476103053     0.009359543
     0.009359487     0.009359543     5.476103344
     8
Direct
    -0.031829565    -0.031829524    -0.031829526
     0.219947955     0.219947983     0.219947925
     0.470705657     0.470705663    -0.034554072
     0.723200747     0.723200701     0.224714794
     0.470705813    -0.034553932     0.470705685
     0.723200681     0.224714688     0.723200683
    -0.034553895     0.470705900     0.470705750
     0.224714678     0.723200623     0.723200670
---siesta---
       1.0
     5.351217368    -0.012750307    -0.012750705
    -0.012750307     5.351217281    -0.012750582
    -0.012750705    -0.012750582     5.351217599
     8
Direct
    -0.035232869    -0.035232822    -0.035232866
     0.213722943     0.213722960     0.213722915
     0.476732578     0.476732594    -0.031587701
     0.726762927     0.726762849     0.212221449
     0.476732824    -0.031587589     0.476732500
     0.726762871     0.212221204     0.726762874
    -0.031587573     0.476732929     0.476732574
     0.212221211     0.726762795     0.726762887
---siesta---
       1.0
     5.451175439     0.004946391     0.004946210
     0.004946391     5.451175387     0.004946280
     0.004946210     0.004946280     5.451175684
     8
Direct
    -0.032508877    -0.032508835    -0.032508845
     0.218705419     0.218705445     0.218705389
     0.471908653     0.471908661    -0.033961974
     0.723911772     0.723911719     0.222221076
     0.471908827    -0.033961839     0.471908660
     0.723911708     0.222220942     0.723911710
    -0.033961806     0.471908917     0.471908726
     0.222220935     0.723911646     0.723911702
---siesta---
       1.0
     5.460516545    -0.028385390    -0.028383011
    -0.028385390     5.460516696    -0.028383620
    -0.028383011    -0.028383620     5.460518274
     8
Direct
    -0.021741303    -0.021741471    -0.021741496
     0.222520938     0.222521044     0.222521168
     0.470137899     0.470137791    -0.016023770
     0.711382853     0.711382872     0.218246758
     0.470137079    -0.016024152     0.470138043
     0.711383220     0.218247406     0.711382965
    -0.016024059     0.470136998     0.470137848
     0.218247405     0.711383361     0.711383031
---siesta---
       1.0
     5.453385476    -0.002939663    -0.002939238
    -0.002939663     5.453385472    -0.002939329
    -0.002939238    -0.002939329     5.453386072
     8
Direct
    -0.029961349    -0.029961356    -0.029961370
     0.219608143     0.219608188     0.219608175
     0.471489706     0.471489686    -0.029717927
     0.720947522     0.720947486     0.221280781
     0.471489644    -0.029717915     0.471489745
     0.720947560     0.221280833     0.720947501
    -0.029717867     0.471489694     0.471489750
     0.221280827     0.720947546     0.720947511
---siesta---
       1.0
     5.423598342     0.004409360     0.004406838
     0.004409360     5.423597360     0.004406608
     0.004406838     0.004406608     5.423595509
     8
Direct
    -0.030180579    -0.030180532    -0.030180354
     0.222404149     0.222404006     0.222403880
     0.468877402     0.468877384    -0.027604833
     0.721179438     0.721179491     0.221252965
     0.468877783    -0.027604524     0.468877491
     0.721179153     0.221252664     0.721179453
    -0.027605741     0.468876876     0.468876997
     0.221252745     0.721179145     0.721179508
---siesta---
       1.0
     5.444397115    -0.000722072    -0.000722537
    -0.000722072     5.444396816    -0.000722670
    -0.000722537    -0.000722670     5.444396677
     8
Direct
    -0.030027502    -0.030027493    -0.030027449
     0.220451846     0.220451835     0.220451787
     0.470701435     0.470701416    -0.029080294
     0.721017503     0.721017494     0.221272388
     0.470701507    -0.029080192     0.470701489
     0.721017444     0.221272333     0.721017493
    -0.029080527     0.470701268     0.470701343
     0.221272353     0.721017432     0.721017516
---siesta---
       1.0
     5.437755480    -0.001587593    -0.001587953
    -0.001587593     5.437755220    -0.001588185
    -0.001587953    -0.001588185     5.437754981
     8
Direct
    -0.028986656    -0.028986666    -0.028986612
     0.220239889     0.220239873     0.220239831
     0.470803030     0.470803071    -0.028252519
     0.720247450     0.720247656     0.220826634
     0.470802874    -0.028252599     0.470802810
     0.720247595     0.220826717     0.720247921
    -0.028252528     0.470802995     0.470802873
     0.220826656     0.720247512     0.720247537
---siesta---
       1.0
     5.442226417    -0.001004952    -0.001005383
    -0.001004952     5.442226130    -0.001005548
    -0.001005383    -0.001005548     5.442225959
     8
Direct
    -0.029687320    -0.029687318    -0.029687270
     0.220382572     0.220382559     0.220382513
     0.470734639     0.470734640    -0.028809751
     0.720765825     0.720765886     0.221126701
     0.470734637    -0.028809708     0.470734604
     0.720765832     0.221126691     0.720765973
    -0.028809910     0.470734516     0.470734526
     0.221126685     0.720765797     0.720765862
