---si---
       1.0
     5.495255774    -0.001678423    -0.001678700
    -0.001678423     5.495255775    -0.001678766
    -0.001678700    -0.001678766     5.495255954
     8
Direct
     0.001008427     0.001008410     0.001008262
     0.250571724     0.250571693     0.250571612
     0.500823929     0.500823928     0.000984470
     0.750366546     0.750366584     0.250595119
     0.500823945     0.000984700     0.500823895
     0.750366566     0.250595140     0.750366679
     0.000984701     0.500823954     0.500823872
     0.250595149     0.750366595     0.750366696
---si---
       1.0
     5.599665012    -0.004363900    -0.004364621
    -0.004363900     5.599665016    -0.004364793
    -0.004364621    -0.004364793     5.599665480
     8
Direct
     0.002621911     0.002621866     0.002621482
     0.250749834     0.250749754     0.250749543
     0.500668920     0.500668916     0.002559623
     0.748743075     0.748743173     0.250810661
     0.500668961     0.002560221     0.500668831
     0.748743126     0.250810717     0.748743420
     0.002560224     0.500668984     0.500668771
     0.250810740     0.748743202     0.748743464
---si---
       1.0
     5.516932457    -0.002235962    -0.002236332
    -0.002235962     5.516932460    -0.002236420
    -0.002236332    -0.002236420     5.516932697
     8
Direct
     0.001343407     0.001343384     0.001343187
     0.250608702     0.250608661     0.250608553
     0.500791748     0.500791746     0.001311492
     0.750029493     0.750029543     0.250639868
     0.500791769     0.001311798     0.500791702
     0.750029519     0.250639897     0.750029669
     0.001311800     0.500791780     0.500791671
     0.250639909     0.750029558     0.750029692
---si---
       1.0
     5.549038791     0.017833069     0.017838757
     0.017833069     5.549038865     0.017839282
     0.017838757     0.017839282     5.549039394
     8
Direct
    -0.004897194    -0.004896932    -0.004894394
     0.253447710     0.253448052     0.253447790
     0.498006766     0.498006862    -0.004548373
     0.756361835     0.756361486     0.253183856
     0.498006331    -0.004550640     0.498007826
     0.756361736     0.253185143     0.756359176
    -0.004550779     0.498006629     0.498007580
     0.253184905     0.756361161     0.756358825
---si---
       1.0
     5.520254619    -0.000159345    -0.000159087
    -0.000159345     5.520254629    -0.000159112
    -0.000159087    -0.000159112     5.520254897
     8
Direct
     0.000697669     0.000697675     0.000697762
     0.250902465     0.250902463     0.250902339
     0.500503575     0.500503583     0.000705150
     0.750684724     0.750684733     0.250903104
     0.500503549     0.000705190     0.500503644
     0.750684737     0.250903263     0.750684607
     0.000705177     0.500503590     0.500503591
     0.250903249     0.750684712     0.750684591
---si---
       1.0
     5.524465247     0.003158081     0.003158848
     0.003158081     5.524465291     0.003158939
     0.003158848     0.003158939     5.524465507
     8
Direct
     0.000140849     0.000140889     0.000141068
     0.250661712     0.250661782     0.250662054
     0.500764162     0.500764145     0.000195662
     0.751294986     0.751294926     0.250635038
     0.500764100     0.000195547     0.500763983
     0.751294957     0.250635105     0.751294678
     0.000195428     0.500764135     0.500763975
     0.250635049     0.751294879     0.751294624
---si---
       1.0
     5.519270364    -0.000934810    -0.000934672
    -0.000934810     5.519270365    -0.000934723
    -0.000934672    -0.000934723     5.519270645
     8
Direct
     0.000827828     0.000827827     0.000827892
     0.250958742     0.250958724     0.250958507
     0.500442662     0.500442676     0.000824246
     0.750542072     0.750542097     0.250965766
     0.500442644     0.000824322     0.500442788
     0.750542095     0.250965946     0.750542000
     0.000824333     0.500442687     0.500442725
     0.250965942     0.750542083     0.750541993
---si---
       1.0
     5.495246196    -0.001687457    -0.001687780
    -0.001687457     5.495246202    -0.001687832
    -0.001687780    -0.001687832     5.495246443
     8
Direct
     0.001012902     0.001012833     0.001012644
     0.250573385     0.250573368     0.250573300
     0.500821958     0.500821969     0.000988392
     0.750362510     0.750362535     0.250597425
     0.500821990     0.000988645     0.500821918
     0.750362483     0.250597407     0.750362627
     0.000988654     0.500822023     0.500821946
     0.250597413     0.750362524     0.750362643
---si---
       1.0
     5.599640109    -0.004387389    -0.004388227
    -0.004387389     5.599640125    -0.004388364
    -0.004388227    -0.004388364     5.599640752
     8
Direct
     0.002633545     0.002633366     0.002632875
     0.250754152     0.250754110     0.250753932
     0.500663793     0.500663824     0.002569820
     0.748732582     0.748732645     0.250816657
     0.500663878     0.002570477     0.500663689
     0.748732511     0.250816609     0.748732886
     0.002570502     0.500663963     0.500663764
     0.250816625     0.748732619     0.748732927
---si---
       1.0
     5.516906818    -0.002247664    -0.002248094
    -0.002247664     5.516906826    -0.002248164
    -0.002248094    -0.002248164     5.516907147
     8
Direct
     0.001349168     0.001349076     0.001348825
     0.250610892     0.250610870     0.250610779
     0.500789140     0.500789156     0.001316522
     0.750024317     0.750024350     0.250642914
     0.500789184     0.001316858     0.500789087
     0.750024281     0.250642889     0.750024473
     0.001316871     0.500789227     0.500789125
     0.250642897     0.750024336     0.750024494
---si---
       1.0
     5.549246713     0.017762093     0.017768481
     0.017762093     5.549246585     0.017769128
     0.017768481     0.017769128     5.549246768
     8
Direct
    -0.004898002    -0.004897232    -0.004894537
     0.253428273     0.253428420     0.253427870
     0.498032093     0.498031851    -0.004549437
     0.756355998     0.756355676     0.253159506
     0.498031366    -0.004552052     0.498032741
     0.756355806     0.253161352     0.756353211
    -0.004552274     0.498031307     0.498032546
     0.253161360     0.756355325     0.756352980
---si---
       1.0
     5.520276018    -0.000163029    -0.000162749
    -0.000163029     5.520276012    -0.000162744
    -0.000162749    -0.000162744     5.520276318
     8
Direct
     0.000698332     0.000698330     0.000698386
     0.250904409     0.250904405     0.250904266
     0.500501908     0.500501897     0.000705401
     0.750683958     0.750683953     0.250905095
     0.500501872     0.000705430     0.500501928
     0.750683906     0.250905265     0.750683807
     0.000705418     0.500501904     0.500501942
     0.250905273     0.750683905     0.750683802
---si---
       1.0
     5.524503418     0.003151353     0.003152272
     0.003151353     5.524503358     0.003152373
     0.003152272     0.003152373     5.524503515
     8
Direct
     0.000140074     0.000140255     0.000140377
     0.250654400     0.250654443     0.250654678
     0.500772182     0.500772084     0.000193184
     0.751295528     0.751295496     0.250625483
     0.500772073     0.000192946     0.500771875
     0.751295544     0.250625617     0.751295253
     0.000192811     0.500772021     0.500771878
     0.250625600     0.751295489     0.751295238
---si---
       1.0
     5.519355852    -0.000884461    -0.000884319
    -0.000884461     5.519355858    -0.000884335
    -0.000884319    -0.000884335     5.519356197
     8
Direct
     0.000819847     0.000819805     0.000819846
     0.250958828     0.250958814     0.250958593
     0.500443079     0.500443087     0.000816893
     0.750550839     0.750550841     0.250965957
     0.500443058     0.000816980     0.500443170
     0.750550772     0.250966135     0.750550716
     0.000816995     0.500443109     0.500443186
     0.250966148     0.750550783     0.750550712
