---si---
       1.0
     5.495238639    -0.001777411    -0.001777653
    -0.001777411     5.495238659    -0.001777708
    -0.001777653    -0.001777708     5.495238722
     8
Direct
     0.001003125     0.001003103     0.001003009
     0.250555705     0.250555710     0.250555627
     0.500825293     0.500825284     0.001017260
     0.750364770     0.750364769     0.250580386
     0.500825353     0.001017419     0.500825299
     0.750364823     0.250580391     0.750364860
     0.001017403     0.500825333     0.500825284
     0.250580393     0.750364858     0.750364870
---si---
       1.0
     5.599620463    -0.004621270    -0.004621898
    -0.004621270     5.599620513    -0.004622041
    -0.004621898    -0.004622041     5.599620678
     8
Direct
     0.002608125     0.002608067     0.002607822
     0.250708184     0.250708197     0.250707981
     0.500672466     0.500672442     0.002644876
     0.748738457     0.748738454     0.250772356
     0.500672620     0.002645289     0.500672482
     0.748738595     0.250772367     0.748738691
     0.002645249     0.500672568     0.500672441
     0.250772375     0.748738685     0.748738718
---si---
       1.0
     5.516715628    -0.002362547    -0.002362868
    -0.002362547     5.516715654    -0.002362941
    -0.002362868    -0.002362941     5.516715738
     8
Direct
     0.001333360     0.001333331     0.001333205
     0.250587078     0.250587085     0.250586974
     0.500793848     0.500793836     0.001352149
     0.750030150     0.750030148     0.250619885
     0.500793927     0.001352360     0.500793856
     0.750030220     0.250619890     0.750030269
     0.001352339     0.500793901     0.500793836
     0.250619894     0.750030266     0.750030283
---si---
       1.0
     5.549284358     0.017416227     0.017419567
     0.017416227     5.549284349     0.017420328
     0.017419567     0.017420328     5.549284166
     8
Direct
    -0.004791170    -0.004790944    -0.004789233
     0.253441892     0.253441923     0.253441555
     0.497918648     0.497918819    -0.004702802
     0.756161505     0.756161437     0.253439256
     0.497918897    -0.004704541     0.497919417
     0.756161313     0.253440479     0.756159539
    -0.004704769     0.497919209     0.497919631
     0.253440449     0.756160818     0.756159364
---si---
       1.0
     5.520137669    -0.000284364    -0.000284301
    -0.000284364     5.520137691    -0.000284286
    -0.000284301    -0.000284286     5.520137748
     8
Direct
     0.000689847     0.000689845     0.000689912
     0.250887037     0.250887047     0.250886909
     0.500491747     0.500491754     0.000715947
     0.750674380     0.750674371     0.250916120
     0.500491844     0.000715953     0.500491835
     0.750674422     0.250916254     0.750674280
     0.000715911     0.500491853     0.500491839
     0.250916254     0.750674412     0.750674274
---si---
       1.0
     5.523504700     0.003145122     0.003145479
     0.003145122     5.523504696     0.003145586
     0.003145479     0.003145586     5.523505315
     8
Direct
     0.000087220     0.000087251     0.000087267
     0.250617875     0.250617915     0.250618114
     0.500757318     0.500757329     0.000116806
     0.751304229     0.751304276     0.250639010
     0.500757402     0.000116763     0.500757133
     0.751304283     0.250639011     0.751304008
     0.000116703     0.500757446     0.500757215
     0.250639001     0.751304217     0.751303971
---si---
       1.0
     5.519339843    -0.001096989    -0.001096996
    -0.001096989     5.519339871    -0.001097003
    -0.001096996    -0.001097003     5.519339794
     8
Direct
     0.000832641     0.000832631     0.000832711
     0.250950816     0.250950818     0.250950600
     0.500428819     0.500428826     0.000857915
     0.750525135     0.750525113     0.250981782
     0.500428919     0.000857932     0.500428972
     0.750525175     0.250981947     0.750525064
     0.000857894     0.500428920     0.500428958
     0.250981950     0.750525178     0.750525066
