---si---
       1.0
     5.034881833    -0.012013886    -0.012013870
    -0.012013886     5.034881832    -0.012013862
    -0.012013870    -0.012013862     5.034881832
     8
Direct
     0.003193845     0.003193853     0.003193849
     0.272611186     0.272611184     0.272611181
     0.543336912     0.543336913     0.003289810
     0.810874742     0.810874741     0.276482456
     0.543336918     0.003289809     0.543336920
     0.810874741     0.276482458     0.810874740
     0.003289804     0.543336918     0.543336923
     0.276482461     0.810874738     0.810874742
---si---
       1.0
     5.034869106    -0.012012992    -0.012012977
    -0.012012992     5.034869102    -0.012012969
    -0.012012977    -0.012012969     5.034869105
     8
Direct
     0.003194168     0.003194171     0.003194168
     0.272612953     0.272612951     0.272612949
     0.543335304     0.543335308     0.003290279
     0.810874251     0.810874245     0.276484115
     0.543335310     0.003290273     0.543335318
     0.810874257     0.276484106     0.810874248
     0.003290269     0.543335309     0.543335318
     0.276484104     0.810874256     0.810874250
---si---
       1.0
     5.090659676    -0.031233780    -0.031233740
    -0.031233780     5.090659666    -0.031233719
    -0.031233740    -0.031233719     5.090659672
     8
Direct
     0.008304838     0.008304845     0.008304836
     0.273593678     0.273593673     0.273593667
     0.542271791     0.542271801     0.008554725
     0.802673051     0.802673037     0.283658698
     0.542271807     0.008554711     0.542271827
     0.802673068     0.283658675     0.802673044
     0.008554699     0.542271805     0.542271827
     0.283658670     0.802673065     0.802673050
---si---
       1.0
     5.179924587    -0.061987041    -0.061986961
    -0.061987041     5.179924568    -0.061986920
    -0.061986961    -0.061986920     5.179924581
     8
Direct
     0.016481909     0.016481923     0.016481906
     0.275162838     0.275162828     0.275162816
     0.540570171     0.540570189     0.016977839
     0.789551133     0.789551105     0.295138032
     0.540570202     0.016977811     0.540570242
     0.789551165     0.295137985     0.789551118
     0.016977788     0.540570197     0.540570241
     0.295137976     0.789551159     0.789551129
---si---
       1.0
     5.285759987    -0.098449114    -0.098448987
    -0.098449114     5.285759957    -0.098448921
    -0.098448987    -0.098448921     5.285759977
     8
Direct
     0.026176912     0.026176934     0.026176907
     0.277023285     0.277023270     0.277023250
     0.538552674     0.538552702     0.026964559
     0.773993357     0.773993312     0.308748306
     0.538552723     0.026964513     0.538552786
     0.773993408     0.308748231     0.773993334
     0.026964477     0.538552715     0.538552786
     0.308748217     0.773993399     0.773993351
---si---
       1.0
     5.272779508    -0.093977121    -0.093977000
    -0.093977121     5.272779480    -0.093976937
    -0.093977000    -0.093976937     5.272779499
     8
Direct
     0.024987841     0.024987862     0.024987837
     0.276795105     0.276795091     0.276795072
     0.538800115     0.538800142     0.025739710
     0.775901484     0.775901441     0.307079036
     0.538800162     0.025739666     0.538800223
     0.775901532     0.307078964     0.775901462
     0.025739632     0.538800155     0.538800222
     0.307078951     0.775901524     0.775901478
---si---
       1.0
     5.378614812    -0.078727719    -0.078727793
    -0.078727719     5.378614824    -0.078727849
    -0.078727793    -0.078727849     5.378614899
     8
Direct
     0.023155736     0.023155756     0.023155766
     0.281794383     0.281794383     0.281794490
     0.530791707     0.530791709     0.039138211
     0.780009946     0.780010015     0.298275360
     0.530791741     0.039138212     0.530791655
     0.780009932     0.298275274     0.780010091
     0.039138244     0.530791741     0.530791686
     0.298275224     0.780009963     0.780010063
---si---
       1.0
     5.484450116    -0.063478316    -0.063478586
    -0.063478316     5.484450169    -0.063478762
    -0.063478586    -0.063478762     5.484450298
     8
Direct
     0.021323631     0.021323649     0.021323695
     0.286793661     0.286793675     0.286793907
     0.522783299     0.522783276     0.052536713
     0.784118409     0.784118589     0.289471685
     0.522783320     0.052536759     0.522783087
     0.784118332     0.289471584     0.784118721
     0.052536855     0.522783328     0.522783150
     0.289471497     0.784118402     0.784118648
---si---
       1.0
     5.408782679    -0.074380947    -0.074381076
    -0.074380947     5.408782702    -0.074381167
    -0.074381076    -0.074381167     5.408782792
     8
Direct
     0.022633503     0.022633522     0.022633543
     0.283219404     0.283219408     0.283219551
     0.528508947     0.528508942     0.042957393
     0.781181045     0.781181145     0.295765913
     0.528508977     0.042957406     0.528508850
     0.781181013     0.295765823     0.781181237
     0.042957456     0.528508980     0.528508890
     0.295765762     0.781181055     0.781181196
---si---
       1.0
     5.493440905    -0.012410796    -0.012410307
    -0.012410796     5.493440876    -0.012410016
    -0.012410307    -0.012410016     5.493441186
     8
Direct
     0.026659161     0.026659221     0.026659513
     0.265738602     0.265738519     0.265738130
     0.534389087     0.534389238     0.029532088
     0.794421119     0.794420989     0.284277290
     0.534389034     0.029531963     0.534389737
     0.794420931     0.284277683     0.794420872
     0.029531781     0.534389189     0.534389621
     0.284277786     0.794420895     0.794420932
---si---
       1.0
     5.441285573    -0.050588702    -0.050588594
    -0.050588702     5.441285576    -0.050588538
    -0.050588594    -0.050588538     5.441285751
     8
Direct
     0.024179077     0.024179111     0.024179236
     0.276507987     0.276507958     0.276507896
     0.530766514     0.530766569     0.037803006
     0.786264316     0.786264328     0.291355078
     0.530766512     0.037802966     0.530766703
     0.786264224     0.291355173     0.786264340
     0.037802927     0.530766573     0.530766683
     0.291355175     0.786264236     0.786264337
---si---
       1.0
     5.454824411    -0.008367572    -0.008368120
    -0.008367572     5.454824504    -0.008368352
    -0.008368120    -0.008368352     5.454824742
     8
Direct
     0.028261600     0.028261516     0.028261482
     0.276781683     0.276781706     0.276781837
     0.535992360     0.535992339     0.037272694
     0.782104313     0.782104472     0.285410030
     0.535992481     0.037273134     0.535992275
     0.782104584     0.285409881     0.782104487
     0.037273150     0.535992435     0.535992400
     0.285409798     0.782104715     0.782104522
---si---
       1.0
     5.447932398    -0.029860448    -0.029860662
    -0.029860448     5.447932446    -0.029860747
    -0.029860662    -0.029860747     5.447932651
     8
Direct
     0.026183372     0.026183348     0.026183394
     0.276642357     0.276642353     0.276642386
     0.533332117     0.533332135     0.037542652
     0.784221983     0.784222067     0.288436386
     0.533332175     0.037542848     0.533332172
     0.784222070     0.288436362     0.784222081
     0.037542835     0.533332184     0.533332223
     0.288436322     0.784222140     0.784222097
---si---
       1.0
     5.447197618    -0.002169631    -0.002169867
    -0.002169631     5.447197679    -0.002169922
    -0.002169867    -0.002169922     5.447197908
     8
Direct
     0.027997487     0.027997462     0.027997538
     0.280339974     0.280340018     0.280339934
     0.532717621     0.532717644     0.036618951
     0.782945644     0.782945610     0.287689290
     0.532717794     0.036619318     0.532717768
     0.782945727     0.287689210     0.782945618
     0.036619266     0.532717822     0.532717799
     0.287689212     0.782945772     0.782945574
---si---
       1.0
     5.447253573    -0.004278332    -0.004278566
    -0.004278332     5.447253633    -0.004278623
    -0.004278566    -0.004278623     5.447253860
     8
Direct
     0.027859340     0.027859314     0.027859388
     0.280058395     0.280058435     0.280058359
     0.532764416     0.532764438     0.036689292
     0.783042839     0.783042814     0.287746182
     0.532764580     0.036689646     0.532764556
     0.783042923     0.287746107     0.783042823
     0.036689597     0.532764606     0.532764589
     0.287746105     0.783042969     0.783042783
---si---
       1.0
     5.441308736     0.015095394     0.015095579
     0.015095394     5.441308740     0.015095648
     0.015095579     0.015095648     5.441308871
     8
Direct
     0.032100718     0.032100733     0.032100938
     0.280852703     0.280852716     0.280852479
     0.532981085     0.532981110     0.035971940
     0.782036293     0.782036201     0.284985311
     0.532981095     0.035972185     0.532980979
     0.782036442     0.284985565     0.782036314
     0.035972069     0.532981142     0.532981067
     0.284985642     0.782036397     0.782036232
---si---
       1.0
     5.443097264     0.009266731     0.009266790
     0.009266731     5.443097285     0.009266822
     0.009266790     0.009266822     5.443097445
     8
Direct
     0.030824682     0.030824685     0.030824850
     0.280613733     0.280613753     0.280613565
     0.532915899     0.532915924     0.036187758
     0.782339116     0.782339045     0.285815930
     0.532915956     0.036188036     0.532915867
     0.782339246     0.285816085     0.782339126
     0.036187940     0.532915996     0.532915938
     0.285816139     0.782339228     0.782339057
---si---
       1.0
     5.440639374     0.003412905     0.003407643
     0.003412905     5.440639457     0.003407104
     0.003407643     0.003407104     5.440644585
     8
Direct
     0.031556769     0.031556591     0.031556701
     0.280045358     0.280045570     0.280043074
     0.533973425     0.533973284     0.033803358
     0.783732617     0.783732824     0.283011759
     0.533973763     0.033803336     0.533972985
     0.783732561     0.283011326     0.783732577
     0.033803468     0.533973524     0.533973059
     0.283011267     0.783732714     0.783732592
---si---
       1.0
     5.442145848     0.007000796     0.006998795
     0.007000796     5.442145894     0.006998605
     0.006998795     0.006998605     5.442147976
     8
Direct
     0.031108063     0.031107996     0.031108140
     0.280393722     0.280393817     0.280392736
     0.533325253     0.533325213     0.035264790
     0.782878521     0.782878557     0.284730474
     0.533325418     0.035264951     0.533325063
     0.782878579     0.284730402     0.782878512
     0.035264944     0.533325351     0.533325135
     0.284730411     0.782878627     0.782878475
---si---
       1.0
     5.441709414     0.003491576     0.003489699
     0.003491576     5.441709467     0.003489781
     0.003489699     0.003489781     5.441711597
     8
Direct
     0.031450792     0.031450845     0.031450969
     0.281459753     0.281459679     0.281459336
     0.533093538     0.533093565     0.034260890
     0.783156241     0.783156151     0.284187615
     0.533093002     0.034261404     0.533093105
     0.783156332     0.284187603     0.783155893
     0.034261320     0.533093042     0.533093115
     0.284187755     0.783156245     0.783155806
