---siesta---
       1.0
     5.034875015    -0.012012791    -0.012012782
    -0.012012791     5.034875012    -0.012012775
    -0.012012782    -0.012012775     5.034875012
     8
Direct
     0.003195143     0.003195147     0.003195148
     0.272611190     0.272611190     0.272611183
     0.543336577     0.543336580     0.003290354
     0.810874275     0.810874275     0.276482211
     0.543336584     0.003290352     0.543336589
     0.810874275     0.276482215     0.810874284
     0.003290349     0.543336582     0.543336589
     0.276482217     0.810874272     0.810874281
---siesta---
       1.0
     5.090675038    -0.031233258    -0.031233232
    -0.031233258     5.090675031    -0.031233216
    -0.031233232    -0.031233216     5.090675032
     8
Direct
     0.008307373     0.008307383     0.008307384
     0.273589094     0.273589093     0.273589076
     0.542275099     0.542275107     0.008554921
     0.802673115     0.802673114     0.283653748
     0.542275120     0.008554914     0.542275131
     0.802673115     0.283653759     0.802673137
     0.008554907     0.542275113     0.542275131
     0.283653765     0.802673107     0.802673131
---siesta---
       1.0
     5.179955075    -0.061986004    -0.061985953
    -0.061986004     5.179955061    -0.061985921
    -0.061985953    -0.061985921     5.179955064
     8
Direct
     0.016486940     0.016486959     0.016486961
     0.275153740     0.275153739     0.275153704
     0.540576735     0.540576750     0.016978228
     0.789551258     0.789551258     0.295128207
     0.540576776     0.016978214     0.540576798
     0.789551259     0.295128229     0.789551304
     0.016978201     0.540576762     0.540576799
     0.295128242     0.789551242     0.789551291
---siesta---
       1.0
     5.285790475    -0.098441288    -0.098441208
    -0.098441288     5.285790452    -0.098441158
    -0.098441208    -0.098441158     5.285790458
     8
Direct
     0.026183260     0.026183290     0.026183294
     0.277008522     0.277008520     0.277008464
     0.538563440     0.538563465     0.026963484
     0.773996192     0.773996191     0.308730397
     0.538563505     0.026963462     0.538563540
     0.773996193     0.308730431     0.773996264
     0.026963441     0.538563483     0.538563542
     0.308730452     0.773996166     0.773996243
---siesta---
       1.0
     5.272807253    -0.093969183    -0.093969107
    -0.093969183     5.272807231    -0.093969058
    -0.093969107    -0.093969058     5.272807237
     8
Direct
     0.024993776     0.024993805     0.024993808
     0.276780989     0.276780987     0.276780934
     0.538810419     0.538810442     0.025738555
     0.775904390     0.775904389     0.307061765
     0.538810480     0.025738535     0.538810514
     0.775904391     0.307061799     0.775904458
     0.025738514     0.538810459     0.538810515
     0.307061819     0.775904365     0.775904439
---siesta---
       1.0
     5.378642524    -0.078691916    -0.078691966
    -0.078691916     5.378642524    -0.078692011
    -0.078691966    -0.078692011     5.378642636
     8
Direct
     0.023152755     0.023152752     0.023152762
     0.281796987     0.281796990     0.281797084
     0.530793197     0.530793204     0.039130354
     0.780013839     0.780013877     0.298272134
     0.530793270     0.039130381     0.530793191
     0.780013841     0.298272001     0.780013971
     0.039130380     0.530793257     0.530793194
     0.298271969     0.780013843     0.780013939
---siesta---
       1.0
     5.484477796    -0.063414650    -0.063414825
    -0.063414650     5.484477817    -0.063414964
    -0.063414825    -0.063414964     5.484478036
     8
Direct
     0.021311733     0.021311700     0.021311716
     0.286812985     0.286812992     0.286813235
     0.522775975     0.522775967     0.052522153
     0.784123288     0.784123365     0.289482503
     0.522776059     0.052522227     0.522775869
     0.784123291     0.289482203     0.784123483
     0.052522245     0.522776056     0.522775873
     0.289482118     0.784123321     0.784123440
---siesta---
       1.0
     5.408770481    -0.074342961    -0.074343047
    -0.074342961     5.408770486    -0.074343118
    -0.074343047    -0.074343118     5.408770629
     8
Direct
     0.022628674     0.022628663     0.022628675
     0.283224883     0.283224887     0.283225024
     0.528510947     0.528510950     0.042942576
     0.781183669     0.781183719     0.295770004
     0.528511023     0.042942616     0.528510913
     0.781183671     0.295769824     0.781183819
     0.042942620     0.528511013     0.528510916
     0.295769776     0.781183682     0.781183784
---siesta---
       1.0
     5.493432596    -0.012441062    -0.012440325
    -0.012441062     5.493432759    -0.012440246
    -0.012440325    -0.012440246     5.493433200
     8
Direct
     0.026679606     0.026679577     0.026679889
     0.265727777     0.265727743     0.265727371
     0.534396830     0.534396925     0.029557153
     0.794406677     0.794406559     0.284251839
     0.534396759     0.029557007     0.534397278
     0.794406430     0.284252294     0.794406437
     0.029556944     0.534396845     0.534397275
     0.284252399     0.794406424     0.794406482
---siesta---
       1.0
     5.441267693    -0.050582166    -0.050581936
    -0.050582166     5.441267759    -0.050581950
    -0.050581936    -0.050581950     5.441268016
     8
Direct
     0.024183608     0.024183590     0.024183717
     0.276508689     0.276508679     0.276508620
     0.530770220     0.530770258     0.037804635
     0.786259267     0.786259253     0.291348803
     0.530770239     0.037804604     0.530770370
     0.786259174     0.291348866     0.786259268
     0.037804582     0.530770266     0.530770371
     0.291348877     0.786259178     0.786259264
---siesta---
       1.0
     5.454779943    -0.008312776    -0.008313262
    -0.008312776     5.454780082    -0.008313317
    -0.008313262    -0.008313317     5.454780307
     8
Direct
     0.028261448     0.028261454     0.028261400
     0.276805302     0.276805272     0.276805445
     0.535985200     0.535985176     0.037274483
     0.782095976     0.782096075     0.285415249
     0.535985191     0.037274889     0.535985066
     0.782096253     0.285415202     0.782096126
     0.037274857     0.535985160     0.535985277
     0.285415209     0.782096272     0.782096121
---siesta---
       1.0
     5.447917389    -0.029780405    -0.029780528
    -0.029780405     5.447917491    -0.029780562
    -0.029780528    -0.029780562     5.447917732
     8
Direct
     0.026190409     0.026190403     0.026190441
     0.276654659     0.276654639     0.276654694
     0.533336634     0.533336642     0.037543735
     0.784210414     0.784210455     0.288428761
     0.533336640     0.037543919     0.533336645
     0.784210502     0.288428770     0.784210488
     0.037543892     0.533336638     0.533336749
     0.288428780     0.784210514     0.784210483
---siesta---
       1.0
     5.447213514    -0.002005296    -0.002005563
    -0.002005296     5.447213592    -0.002005622
    -0.002005563    -0.002005622     5.447213793
     8
Direct
     0.028012727     0.028012678     0.028012676
     0.280352072     0.280352135     0.280351989
     0.532720702     0.532720687     0.036605502
     0.782942088     0.782942031     0.287679151
     0.532720834     0.036605851     0.532720869
     0.782942153     0.287679013     0.782942100
     0.036605756     0.532720829     0.532720923
     0.287679057     0.782942220     0.782942060
---siesta---
       1.0
     5.447269417    -0.004211244    -0.004211499
    -0.004211244     5.447269497    -0.004211556
    -0.004211499    -0.004211556     5.447269701
     8
Direct
     0.027867996     0.027867950     0.027867951
     0.280058417     0.280058474     0.280058344
     0.532769620     0.532769607     0.036680018
     0.783042821     0.783042771     0.287738687
     0.532769743     0.036680354     0.532769775
     0.783042887     0.287738560     0.783042837
     0.036680265     0.532769738     0.532769833
     0.287738601     0.783042950     0.783042800
---siesta---
       1.0
     5.441231846     0.014552745     0.014552810
     0.014552745     5.441231845     0.014552815
     0.014552810     0.014552815     5.441230645
     8
Direct
     0.032195862     0.032195860     0.032196284
     0.280867988     0.280868032     0.280867862
     0.532967276     0.532967277     0.036029010
     0.781940082     0.781940066     0.285037548
     0.532967335     0.036029284     0.532967203
     0.781938856     0.285037858     0.781940484
     0.036029210     0.532967391     0.532967346
     0.285037986     0.781938871     0.781940363
---siesta---
       1.0
     5.443235416     0.008325910     0.008325869
     0.008325910     5.443235441     0.008325853
     0.008325869     0.008325853     5.443234708
     8
Direct
     0.030759658     0.030759642     0.030759926
     0.280599331     0.280599380     0.280599223
     0.532901684     0.532901680     0.036245047
     0.782306026     0.782305999     0.285933921
     0.532901764     0.036245342     0.532901686
     0.782305229     0.285934087     0.782306300
     0.036245262     0.532901799     0.532901802
     0.285934186     0.782305260     0.782306207
---siesta---
       1.0
     5.440304750     0.005859076     0.005860834
     0.005859076     5.440304788     0.005860523
     0.005860834     0.005860523     5.440304487
     8
Direct
     0.031753570     0.031753452     0.031752990
     0.280148332     0.280148527     0.280148605
     0.533798442     0.533798384     0.033976219
     0.783642902     0.783642835     0.283098254
     0.533797731     0.033973982     0.533798288
     0.783643987     0.283097525     0.783642152
     0.033973830     0.533797528     0.533798410
     0.283097533     0.783643977     0.783642181
---siesta---
       1.0
     5.441963236     0.007255077     0.007255816
     0.007255077     5.441963268     0.007255673
     0.007255816     0.007255673     5.441962722
     8
Direct
     0.031191108     0.031191047     0.031191007
     0.280403556     0.280403668     0.280403613
     0.533290959     0.533290932     0.035260166
     0.782886354     0.782886309     0.284702980
     0.533290696     0.035259362     0.533290894
     0.782886373     0.284702757     0.782886183
     0.035259251     0.533290628     0.533291012
     0.284702817     0.782886387     0.782886143
---siesta---
       1.0
     5.441489352     0.004085467     0.004085341
     0.004085467     5.441489419     0.004085341
     0.004085341     0.004085341     5.441489328
     8
Direct
     0.031524319     0.031524287     0.031524149
     0.281628318     0.281628320     0.281628786
     0.533084600     0.533084582     0.034178597
     0.783139631     0.783139580     0.284074657
     0.533084597     0.034178715     0.533084455
     0.783139162     0.284074215     0.783139628
     0.034178651     0.533084607     0.533084538
     0.284074372     0.783139090     0.783139495
---siesta---
       1.0
     5.440731138    -0.000985909    -0.000987420
    -0.000985909     5.440731261    -0.000987189
    -0.000987420    -0.000987189     5.440731897
     8
Direct
     0.032057458     0.032057470     0.032057177
     0.283587936     0.283587762     0.283589062
     0.532754425     0.532754422     0.032448087
     0.783544874     0.783544813     0.283069340
     0.532754839     0.032449678     0.532754152
     0.783543623     0.283068547     0.783545139
     0.032449691     0.532754972     0.532754180
     0.283068860     0.783543416     0.783544859
---siesta---
       1.0
     5.441429918     0.003687935     0.003687700
     0.003687935     5.441429989     0.003687719
     0.003687700     0.003687719     5.441429955
     8
Direct
     0.031566111     0.031566082     0.031565932
     0.281781927     0.281781915     0.281782447
     0.533058719     0.533058702     0.034042947
     0.783171397     0.783171345     0.283995853
     0.533058749     0.034043180     0.533058563
     0.783170866     0.283995383     0.783171415
     0.034043122     0.533058767     0.533058642
     0.283995552     0.783170784     0.783171271
---siesta---
       1.0
     5.441719803    -0.000952518    -0.000945532
    -0.000952518     5.441719891    -0.000945575
    -0.000945532    -0.000945575     5.441724283
     8
Direct
     0.032735495     0.032735381     0.032735498
     0.282818362     0.282818303     0.282818511
     0.533045000     0.533044936     0.033255261
     0.782848070     0.782848057     0.283173319
     0.533045252     0.033255186     0.533045242
     0.782846491     0.283172757     0.782848415
     0.033255185     0.533045206     0.533045298
     0.283172910     0.782846395     0.782848277
