---siesta---
       1.0
     5.235829740    -0.009935459    -0.009935476
    -0.009935459     5.235829728    -0.009935488
    -0.009935476    -0.009935488     5.235829763
     8
Direct
     0.004345072     0.004345066     0.004345071
     0.262151209     0.262151208     0.262151196
     0.522436448     0.522436445     0.004019801
     0.779640410     0.779640412     0.263791430
     0.522436444     0.004019837     0.522436433
     0.779640426     0.263791460     0.779640435
     0.004019850     0.522436455     0.522436440
     0.263791454     0.779640436     0.779640446
---siesta---
       1.0
     5.293157324    -0.025832193    -0.025832237
    -0.025832193     5.293157293    -0.025832269
    -0.025832237    -0.025832269     5.293157384
     8
Direct
     0.011297187     0.011297173     0.011297184
     0.263131604     0.263131601     0.263131572
     0.521411687     0.521411681     0.010451482
     0.771680451     0.771680457     0.267396180
     0.521411679     0.010451577     0.521411650
     0.771680493     0.267396258     0.771680515
     0.010451610     0.521411706     0.521411667
     0.267396242     0.771680517     0.771680544
---siesta---
       1.0
     5.384881458    -0.051266968    -0.051267055
    -0.051266968     5.384881396    -0.051267119
    -0.051267055    -0.051267119     5.384881578
     8
Direct
     0.022420572     0.022420543     0.022420564
     0.264700237     0.264700231     0.264700173
     0.519772071     0.519772058     0.020742173
     0.758944517     0.758944528     0.273163779
     0.519772053     0.020742361     0.519771996
     0.758944599     0.273163934     0.758944643
     0.020742426     0.519772108     0.519772030
     0.273163903     0.758944648     0.758944701
---siesta---
       1.0
     5.345930371    -0.040465971    -0.040466039
    -0.040465971     5.345930322    -0.040466090
    -0.040466039    -0.040466090     5.345930466
     8
Direct
     0.017696974     0.017696951     0.017696968
     0.264034110     0.264034105     0.264034060
     0.520468342     0.520468331     0.016372182
     0.764352891     0.764352900     0.270714540
     0.520468328     0.016372331     0.520468282
     0.764352956     0.270714663     0.764352991
     0.016372382     0.520468371     0.520468309
     0.270714639     0.764352995     0.764353037
---siesta---
       1.0
     5.455998830    -0.010614499    -0.010614404
    -0.010614499     5.455998803    -0.010614446
    -0.010614404    -0.010614446     5.455999282
     8
Direct
     0.013884575     0.013884624     0.013884679
     0.272644446     0.272644448     0.272644304
     0.511538710     0.511538725     0.019131630
     0.768290133     0.768290149     0.273128458
     0.511538814     0.019131821     0.511538772
     0.768290157     0.273128399     0.768290095
     0.019131804     0.511538820     0.511538815
     0.273128430     0.768290145     0.768290159
---siesta---
       1.0
     5.417096242    -0.021165201    -0.021165164
    -0.021165201     5.417096207    -0.021165209
    -0.021165164    -0.021165209     5.417096567
     8
Direct
     0.015232029     0.015232052     0.015232094
     0.269601209     0.269601209     0.269601100
     0.514694799     0.514694804     0.018156331
     0.766898554     0.766898568     0.272275283
     0.514694861     0.018156507     0.514694817
     0.766898593     0.272275288     0.766898565
     0.018156514     0.514694880     0.514694855
     0.272275300     0.766898599     0.766898623
---siesta---
       1.0
     5.489516588    -0.008165409    -0.008165063
    -0.008165409     5.489516669    -0.008165181
    -0.008165063    -0.008165181     5.489516995
     8
Direct
     0.015890587     0.015890728     0.015890832
     0.264322105     0.264322186     0.264322402
     0.517741749     0.517741696     0.019977378
     0.769154008     0.769154001     0.264353217
     0.517741648     0.019977282     0.517741566
     0.769154138     0.264353367     0.769153823
     0.019977334     0.517741690     0.517741625
     0.264353427     0.769154107     0.769153812
---siesta---
       1.0
     5.450103503    -0.015240243    -0.015240065
    -0.015240243     5.450103521    -0.015240143
    -0.015240065    -0.015240143     5.450103866
     8
Direct
     0.015532182     0.015532259     0.015532329
     0.267195135     0.267195171     0.267195210
     0.516083517     0.516083496     0.018986316
     0.767926530     0.767926534     0.268664617
     0.516083505     0.018986368     0.516083444
     0.767926610     0.268664688     0.767926452
     0.018986395     0.516083535     0.516083491
     0.268664721     0.767926600     0.767926478
---siesta---
       1.0
     5.433201414    -0.003689885    -0.003690501
    -0.003689885     5.433201338    -0.003690682
    -0.003690501    -0.003690682     5.433201373
     8
Direct
     0.017337280     0.017337139     0.017336513
     0.264176137     0.264176177     0.264175922
     0.519370119     0.519370029     0.015414064
     0.766758711     0.766758693     0.269146366
     0.519370155     0.015414096     0.519370223
     0.766758750     0.269146542     0.766758816
     0.015414068     0.519370246     0.519370351
     0.269146506     0.766758921     0.766758995
---siesta---
       1.0
     5.444964997    -0.011728749    -0.011728812
    -0.011728749     5.444964987    -0.011728922
    -0.011728812    -0.011728922     5.444965237
     8
Direct
     0.016080961     0.016080972     0.016080830
     0.266277311     0.266277348     0.266277298
     0.517082697     0.517082655     0.017900294
     0.767571494     0.767571492     0.268811076
     0.517082699     0.017900340     0.517082677
     0.767571562     0.268811179     0.767571472
     0.017900351     0.517082748     0.517082749
     0.268811192     0.767571607     0.767571544
---siesta---
       1.0
     5.439155122    -0.001203215    -0.001203586
    -0.001203215     5.439155115    -0.001203638
    -0.001203586    -0.001203638     5.439155238
     8
Direct
     0.015929914     0.015929995     0.015929973
     0.266924740     0.266924854     0.266924990
     0.517241296     0.517241272     0.017506446
     0.767573496     0.767573416     0.268238225
     0.517241510     0.017506612     0.517241456
     0.767573500     0.268238474     0.767573437
     0.017506519     0.517241603     0.517241541
     0.268238514     0.767573552     0.767573537
---siesta---
       1.0
     5.440954788    -0.004463602    -0.004463878
    -0.004463602     5.440954780    -0.004463948
    -0.004463878    -0.004463948     5.440954942
     8
Direct
     0.015976702     0.015976761     0.015976703
     0.266724192     0.266724283     0.266724361
     0.517192168     0.517192138     0.017628444
     0.767572876     0.767572820     0.268415671
     0.517192317     0.017628573     0.517192273
     0.767572899     0.268415875     0.767572828
     0.017628512     0.517192396     0.517192354
     0.268415907     0.767572949     0.767572919
---siesta---
       1.0
     5.438782201     0.001648860     0.001648533
     0.001648860     5.438782200     0.001648356
     0.001648533     0.001648356     5.438782275
     8
Direct
     0.016593596     0.016593639     0.016593738
     0.266831186     0.266831388     0.266831573
     0.517357359     0.517357324     0.017906474
     0.767216561     0.767216578     0.267639361
     0.517357660     0.017906503     0.517357457
     0.767216569     0.267639576     0.767216509
     0.017906497     0.517357747     0.517357580
     0.267639631     0.767216639     0.767216581
