---si---
       1.0
     5.037295295    -0.011892890    -0.011892872
    -0.011892890     5.037295297    -0.011892869
    -0.011892872    -0.011892869     5.037295288
     8
Direct
     0.003057023     0.003057022     0.003057035
     0.272565037     0.272565037     0.272565027
     0.543379144     0.543379144     0.003152144
     0.811057946     0.811057941     0.276339795
     0.543379146     0.003152140     0.543379144
     0.811057954     0.276339807     0.811057945
     0.003152137     0.543379142     0.543379150
     0.276339805     0.811057947     0.811057946
---si---
       1.0
     5.096967767    -0.030921513    -0.030921467
    -0.030921513     5.096967772    -0.030921459
    -0.030921467    -0.030921459     5.096967750
     8
Direct
     0.007948260     0.007948257     0.007948290
     0.273469096     0.273469096     0.273469069
     0.542385775     0.542385774     0.008195574
     0.803150660     0.803150648     0.283283467
     0.542385781     0.008195563     0.542385775
     0.803150681     0.283283498     0.803150658
     0.008195556     0.542385768     0.542385789
     0.283283493     0.803150663     0.803150660
---si---
       1.0
     5.192443722    -0.061367310    -0.061367220
    -0.061367310     5.192443732    -0.061367203
    -0.061367220    -0.061367203     5.192443688
     8
Direct
     0.015774240     0.015774233     0.015774299
     0.274915590     0.274915591     0.274915538
     0.540796384     0.540796383     0.016265062
     0.790499002     0.790498978     0.294393342
     0.540796395     0.016265041     0.540796384
     0.790499043     0.294393404     0.790498999
     0.016265027     0.540796371     0.540796412
     0.294393394     0.790499008     0.790499002
---si---
       1.0
     5.298279116    -0.095116572    -0.095116432
    -0.095116572     5.298279132    -0.095116406
    -0.095116432    -0.095116406     5.298279064
     8
Direct
     0.024449363     0.024449352     0.024449454
     0.276519034     0.276519035     0.276518952
     0.539034539     0.539034537     0.025210114
     0.776474600     0.776474562     0.306708673
     0.539034557     0.025210082     0.539034539
     0.776474663     0.306708769     0.776474594
     0.025210061     0.539034519     0.539034583
     0.306708753     0.776474609     0.776474600
---si---
       1.0
     5.404114510    -0.128865833    -0.128865643
    -0.128865833     5.404114532    -0.128865609
    -0.128865643    -0.128865609     5.404114439
     8
Direct
     0.033124485     0.033124472     0.033124609
     0.278122477     0.278122480     0.278122367
     0.537272694     0.537272692     0.034155167
     0.762450198     0.762450147     0.319024004
     0.537272719     0.034155123     0.537272694
     0.762450283     0.319024135     0.762450190
     0.034155095     0.537272667     0.537272754
     0.319024113     0.762450211     0.762450198
---si---
       1.0
     5.319836887    -0.101991010    -0.101990860
    -0.101991010     5.319836905    -0.101990832
    -0.101990860    -0.101990832     5.319836832
     8
Direct
     0.026216411     0.026216401     0.026216509
     0.276845641     0.276845643     0.276845554
     0.538675666     0.538675664     0.027032146
     0.773617949     0.773617908     0.309217201
     0.538675685     0.027032111     0.538675666
     0.773618016     0.309217305     0.773617942
     0.027032088     0.538675645     0.538675713
     0.309217288     0.773617958     0.773617948
---si---
       1.0
     5.425672187    -0.085320590    -0.085320717
    -0.085320590     5.425672191    -0.085320725
    -0.085320717    -0.085320725     5.425672231
     8
Direct
     0.023444959     0.023444957     0.023445034
     0.281563558     0.281563542     0.281563490
     0.531321384     0.531321364     0.037689199
     0.778435859     0.778435876     0.301766618
     0.531321412     0.037689327     0.531321381
     0.778435820     0.301766648     0.778435914
     0.037689343     0.531321386     0.531321404
     0.301766678     0.778435799     0.778435903
---si---
       1.0
     5.531507486    -0.068650169    -0.068650574
    -0.068650169     5.531507476    -0.068650617
    -0.068650574    -0.068650617     5.531507631
     8
Direct
     0.020673507     0.020673514     0.020673559
     0.286281476     0.286281441     0.286281425
     0.523967101     0.523967065     0.048346253
     0.783253770     0.783253844     0.294316035
     0.523967138     0.048346543     0.523967096
     0.783253624     0.294315991     0.783253886
     0.048346597     0.523967127     0.523967094
     0.294316069     0.783253639     0.783253858
---si---
       1.0
     5.483278693    -0.076246824    -0.076247103
    -0.076246824     5.483278689    -0.076247130
    -0.076247103    -0.076247130     5.483278792
     8
Direct
     0.021936449     0.021936451     0.021936511
     0.284131537     0.284131510     0.284131478
     0.527318423     0.527318395     0.043489869
     0.781058264     0.781058312     0.297711241
     0.527318456     0.043490085     0.527318419
     0.781058167     0.297711230     0.781058352
     0.043490122     0.527318438     0.527318428
     0.297711287     0.781058165     0.781058332
---si---
       1.0
     5.579084678    -0.020974686    -0.020974522
    -0.020974686     5.579084726    -0.020974455
    -0.020974522    -0.020974455     5.579084856
     8
Direct
     0.027269659     0.027269455     0.027269353
     0.263054616     0.263054491     0.263054256
     0.537733936     0.537733950     0.031624966
     0.793378667     0.793378438     0.279962592
     0.537733752     0.031624657     0.537734030
     0.793378952     0.279962665     0.793378309
     0.031624507     0.537733845     0.537733977
     0.279962595     0.793378887     0.793378441
---si---
       1.0
     5.520410459    -0.054824862    -0.054824970
    -0.054824862     5.520410476    -0.054824960
    -0.054824970    -0.054824960     5.520410589
     8
Direct
     0.024003454     0.024003377     0.024003374
     0.275962701     0.275962637     0.275962526
     0.531355190     0.531355177     0.038891359
     0.785833314     0.785833254     0.290832352
     0.531355139     0.038891371     0.531355224
     0.785833365     0.290832374     0.785833229
     0.038891335     0.531355164     0.531355209
     0.290832381     0.785833338     0.785833268
---si---
       1.0
     5.526306738     0.008368718     0.008368655
     0.008368718     5.526306860     0.008368442
     0.008368655     0.008368442     5.526306813
     8
Direct
     0.028403915     0.028404051     0.028404237
     0.280543783     0.280543858     0.280544303
     0.534803062     0.534802984     0.034533320
     0.781708854     0.781708966     0.287240589
     0.534803152     0.034533735     0.534802890
     0.781708540     0.287240634     0.781709173
     0.034533867     0.534803003     0.534802869
     0.287240673     0.781708531     0.781709058
---si---
       1.0
     5.524891606    -0.006798019    -0.006798092
    -0.006798019     5.524891702    -0.006798252
    -0.006798092    -0.006798252     5.524891693
     8
Direct
     0.027347785     0.027347870     0.027348011
     0.279444303     0.279444345     0.279444656
     0.533975558     0.533975495     0.035579268
     0.782698742     0.782698813     0.288102628
     0.533975614     0.035579587     0.533975435
     0.782698516     0.288102668     0.782698965
     0.035579678     0.533975507     0.533975415
     0.288102699     0.782698503     0.782698886
---si---
       1.0
     5.517213180     0.026507948     0.026510008
     0.026507948     5.517213328     0.026510345
     0.026510008     0.026510345     5.517213363
     8
Direct
     0.035259244     0.035259156     0.035259424
     0.281851995     0.281851814     0.281851228
     0.531831854     0.531831984     0.036687157
     0.782276786     0.782276506     0.281599813
     0.531831823     0.036685859     0.531832685
     0.782277339     0.281599516     0.782275860
     0.036685549     0.531831979     0.531832673
     0.281599498     0.782277259     0.782276094
---si---
       1.0
     5.521646903     0.007276216     0.007277044
     0.007276216     5.521647021     0.007277095
     0.007277044     0.007277095     5.521647031
     8
Direct
     0.030690962     0.030690973     0.030691168
     0.280461731     0.280461679     0.280461611
     0.533069684     0.533069703     0.036047433
     0.782520434     0.782520357     0.285354708
     0.533069704     0.036047069     0.533069965
     0.782520538     0.285354605     0.782520172
     0.036046991     0.533069708     0.533069948
     0.285354615     0.782520496     0.782520225
---si---
       1.0
     5.514054232     0.003383428     0.003380289
     0.003383428     5.514054194     0.003379675
     0.003380289     0.003379675     5.514054183
     8
Direct
     0.032560113     0.032559939     0.032559431
     0.281707979     0.281708175     0.281708950
     0.532639180     0.532638963     0.032433957
     0.784102273     0.784102537     0.283445309
     0.532638855     0.032435936     0.532637694
     0.784101956     0.283444987     0.784104292
     0.032436501     0.532638877     0.532637660
     0.283444923     0.784102206     0.784104110
---si---
       1.0
     5.518360409     0.005591220     0.005590331
     0.005591220     5.518360459     0.005590093
     0.005590331     0.005590093     5.518360461
     8
Direct
     0.031500025     0.031499957     0.031499847
     0.281001170     0.281001226     0.281001523
     0.532883340     0.532883257     0.034483337
     0.783205135     0.783205205     0.284528223
     0.532883210     0.034483987     0.532882856
     0.783205056     0.284528026     0.783205859
     0.034484187     0.532883222     0.532882832
     0.284528004     0.783205140     0.783205811
---si---
       1.0
     5.516192884     0.001017755     0.001018476
     0.001017755     5.516192929     0.001018485
     0.001018476     0.001018485     5.516192988
     8
Direct
     0.032488086     0.032488117     0.032488644
     0.281980282     0.281980247     0.281979722
     0.533151944     0.533152002     0.033525604
     0.783037479     0.783037416     0.283283302
     0.533151826     0.033525596     0.533152194
     0.783037443     0.283283866     0.783037300
     0.033525649     0.533151919     0.533152211
     0.283284006     0.783037367     0.783037305
---si---
       1.0
     5.516251024     0.001140431     0.001141109
     0.001140431     5.516251070     0.001141112
     0.001141109     0.001141112     5.516251127
     8
Direct
     0.032461583     0.032461612     0.032462121
     0.281954018     0.281953987     0.281953483
     0.533144740     0.533144794     0.033551293
     0.783041976     0.783041917     0.283316695
     0.533144621     0.033551304     0.533144969
     0.783041939     0.283317239     0.783041821
     0.033551360     0.533144712     0.533144986
     0.283317375     0.783041867     0.783041825
---si---
       1.0
     5.517552713    -0.002010968    -0.002006549
    -0.002010968     5.517557126    -0.002009457
    -0.002006549    -0.002009457     5.517554516
     8
Direct
     0.032860786     0.032860709     0.032860139
     0.283839336     0.283839348     0.283839743
     0.532766892     0.532766670     0.032743615
     0.782811798     0.782811752     0.282992996
     0.532766857     0.032743562     0.532766317
     0.782814584     0.282993495     0.782809861
     0.032743327     0.532766711     0.532766383
     0.282992483     0.782812169     0.782812050
---si---
       1.0
     5.516890426    -0.000407567    -0.000405051
    -0.000407567     5.516892617    -0.000406478
    -0.000405051    -0.000406478     5.516891364
     8
Direct
     0.032657675     0.032657652     0.032657631
     0.282880105     0.282880094     0.282880032
     0.532959137     0.532959056     0.033154554
     0.782928910     0.782928858     0.283157691
     0.532959059     0.033154533     0.532958972
     0.782930260     0.283158213     0.782927880
     0.033154447     0.532959034     0.532959012
     0.283157785     0.782929037     0.782928958
