---si---
       1.0
     5.085214163    -0.011586102    -0.011586109
    -0.011586102     5.085214160    -0.011586111
    -0.011586109    -0.011586111     5.085214154
     8
Direct
     0.003578344     0.003578340     0.003578338
     0.269927367     0.269927366     0.269927370
     0.537959904     0.537959903     0.003500117
     0.802799965     0.802799966     0.273158967
     0.537959903     0.003500133     0.537959902
     0.802799965     0.273158966     0.802799959
     0.003500135     0.537959903     0.537959904
     0.273158961     0.802799964     0.802799962
---si---
       1.0
     5.141556824    -0.030123866    -0.030123884
    -0.030123866     5.141556816    -0.030123888
    -0.030123884    -0.030123888     5.141556801
     8
Direct
     0.009303694     0.009303684     0.009303678
     0.270920064     0.270920063     0.270920074
     0.536913571     0.536913569     0.009100304
     0.794606642     0.794606644     0.279322226
     0.536913571     0.009100347     0.536913566
     0.794606643     0.279322223     0.794606625
     0.009100351     0.536913571     0.536913572
     0.279322210     0.794606639     0.794606633
---si---
       1.0
     5.231705082    -0.059784288    -0.059784324
    -0.059784288     5.231705066    -0.059784332
    -0.059784324    -0.059784332     5.231705036
     8
Direct
     0.018464254     0.018464235     0.018464223
     0.272508381     0.272508379     0.272508399
     0.535239440     0.535239434     0.018060604
     0.781497325     0.781497329     0.289183440
     0.535239438     0.018060688     0.535239429
     0.781497326     0.289183433     0.781497292
     0.018060696     0.535239438     0.535239440
     0.289183409     0.781497319     0.781497306
---si---
       1.0
     5.338598836    -0.094954284    -0.094954340
    -0.094954284     5.338598810    -0.094954354
    -0.094954340    -0.094954354     5.338598762
     8
Direct
     0.029326434     0.029326404     0.029326385
     0.274391735     0.274391732     0.274391764
     0.533254329     0.533254320     0.028685325
     0.765952885     0.765952892     0.300876425
     0.533254328     0.028685458     0.533254313
     0.765952888     0.300876414     0.765952834
     0.028685470     0.533254328     0.533254330
     0.300876375     0.765952877     0.765952856
---si---
       1.0
     5.292879165    -0.079911678    -0.079911726
    -0.079911678     5.292879144    -0.079911737
    -0.079911726    -0.079911737     5.292879103
     8
Direct
     0.024680556     0.024680531     0.024680515
     0.273586203     0.273586200     0.273586227
     0.534103383     0.534103376     0.024141012
     0.772601418     0.772601424     0.295875203
     0.534103382     0.024141123     0.534103370
     0.772601420     0.295875193     0.772601375
     0.024141134     0.534103382     0.534103384
     0.295875161     0.772601411     0.772601394
---si---
       1.0
     5.399772786    -0.057496873    -0.057496896
    -0.057496873     5.399772780    -0.057496876
    -0.057496896    -0.057496876     5.399772857
     8
Direct
     0.021480993     0.021480977     0.021480963
     0.280115371     0.280115353     0.280115298
     0.525480656     0.525480650     0.033673789
     0.777381576     0.777381579     0.290704197
     0.525480674     0.033673974     0.525480698
     0.777381609     0.290704246     0.777381551
     0.033673977     0.525480673     0.525480688
     0.290704241     0.777381615     0.777381578
---si---
       1.0
     5.506666407    -0.035082067    -0.035082067
    -0.035082067     5.506666415    -0.035082016
    -0.035082067    -0.035082016     5.506666611
     8
Direct
     0.018281430     0.018281423     0.018281411
     0.286644539     0.286644506     0.286644368
     0.516857928     0.516857924     0.043206566
     0.782161735     0.782161735     0.285533191
     0.516857966     0.043206825     0.516858027
     0.782161798     0.285533299     0.782161728
     0.043206819     0.516857963     0.516857993
     0.285533321     0.782161819     0.782161763
---si---
       1.0
     5.409869137    -0.055379742    -0.055379763
    -0.055379742     5.409869132    -0.055379741
    -0.055379763    -0.055379741     5.409869221
     8
Direct
     0.021178787     0.021178772     0.021178758
     0.280732066     0.280732047     0.280731984
     0.524666219     0.524666214     0.034574182
     0.777833074     0.777833076     0.290215784
     0.524666239     0.034574374     0.524666267
     0.777833109     0.290215838     0.777833050
     0.034574376     0.524666238     0.524666255
     0.290215836     0.777833116     0.777833078
---si---
       1.0
     5.488641874    -0.022302422    -0.022302925
    -0.022302422     5.488641876    -0.022302933
    -0.022302925    -0.022302933     5.488642160
     8
Direct
     0.025490177     0.025490121     0.025490081
     0.265460192     0.265460182     0.265460320
     0.531981199     0.531981205     0.031745934
     0.785101952     0.785101975     0.274944118
     0.531981062     0.031745931     0.531980792
     0.785102043     0.274944055     0.785101930
     0.031745848     0.531981156     0.531980760
     0.274944105     0.785101979     0.785101901
---si---
       1.0
     5.441076351    -0.042275577    -0.042275789
    -0.042275577     5.441076348    -0.042275778
    -0.042275789    -0.042275778     5.441076514
     8
Direct
     0.022886820     0.022886789     0.022886765
     0.274681843     0.274681827     0.274681844
     0.527564178     0.527564177     0.033453722
     0.780712768     0.780712779     0.284165643
     0.527564136     0.033453836     0.527564046
     0.780712826     0.284165651     0.780712746
     0.033453804     0.527564172     0.527564025
     0.284165669     0.780712805     0.780712751
---si---
       1.0
     5.449849900     0.009267199     0.009268030
     0.009267199     5.449850037     0.009267868
     0.009268030     0.009267868     5.449850109
     8
Direct
     0.024945311     0.024945430     0.024945735
     0.276652530     0.276652624     0.276651671
     0.529553088     0.529553005     0.028024743
     0.779267182     0.779267257     0.284334929
     0.529553450     0.028024904     0.529553583
     0.779267060     0.284335546     0.779266818
     0.028024890     0.529553535     0.529553759
     0.284335537     0.779267071     0.779266741
---si---
       1.0
     5.445504988    -0.016258255    -0.016257941
    -0.016258255     5.445505056    -0.016258017
    -0.016257941    -0.016258017     5.445505175
     8
Direct
     0.023925888     0.023925932     0.023926074
     0.275676589     0.275676629     0.275676157
     0.528568123     0.528568081     0.030713328
     0.779983077     0.779983121     0.284251094
     0.528568285     0.030713466     0.528568307
     0.779983044     0.284251409     0.779982883
     0.030713444     0.528568346     0.528568386
     0.284251414     0.779983040     0.779982846
---si---
       1.0
     5.446505159     0.006009570     0.006009257
     0.006009570     5.446505281     0.006009138
     0.006009257     0.006009138     5.446505380
     8
Direct
     0.026356372     0.026356454     0.026356276
     0.276499486     0.276499559     0.276499371
     0.529729615     0.529729598     0.030695408
     0.778331179     0.778331210     0.281883841
     0.529729760     0.030695830     0.529729528
     0.778331158     0.281883932     0.778331145
     0.030695750     0.529729828     0.529729615
     0.281883931     0.778331182     0.778331159
---si---
       1.0
     5.446484965     0.005559968     0.005559668
     0.005559968     5.446485086     0.005559550
     0.005559668     0.005559550     5.446485185
     8
Direct
     0.026307299     0.026307381     0.026307209
     0.276482871     0.276482943     0.276482749
     0.529706164     0.529706146     0.030695770
     0.778364531     0.778364563     0.281931637
     0.529706309     0.030696186     0.529706082
     0.778364510     0.281931732     0.778364495
     0.030696107     0.529706377     0.529706169
     0.281931732     0.778364534     0.778364508
---si---
       1.0
     5.437582935     0.004778156     0.004778947
     0.004778156     5.437583106     0.004778801
     0.004778947     0.004778801     5.437583431
     8
Direct
     0.028314273     0.028314329     0.028314546
     0.277426549     0.277426656     0.277426297
     0.527695577     0.527695686     0.032892091
     0.779654341     0.779654416     0.278237627
     0.527695448     0.032891646     0.527695360
     0.779654489     0.278238416     0.779654176
     0.032891571     0.527695566     0.527695372
     0.278238416     0.779654623     0.779654202
---si---
       1.0
     5.443617117     0.005308102     0.005308154
     0.005308102     5.443617255     0.005308027
     0.005308154     0.005308027     5.443617427
     8
Direct
     0.026953859     0.026953932     0.026953886
     0.276786883     0.276786966     0.276786719
     0.529058440     0.529058463     0.031403329
     0.778780052     0.778780098     0.280741588
     0.529058497     0.031403468     0.529058315
     0.778780085     0.280741906     0.778779974
     0.031403390     0.529058581     0.529058378
     0.280741906     0.778780145     0.778779991
---si---
       1.0
     5.439419228     0.002042771     0.002043027
     0.002042771     5.439419365     0.002042872
     0.002043027     0.002042872     5.439419567
     8
Direct
     0.027858656     0.027858738     0.027858576
     0.277282864     0.277283060     0.277283036
     0.528828043     0.528828089     0.030229245
     0.779099091     0.779099083     0.280442316
     0.528828330     0.030229390     0.528827963
     0.779099088     0.280442152     0.779098990
     0.030229233     0.528828380     0.528828008
     0.280442146     0.779099116     0.779099010
