---si---
       1.0
     5.139003825    -0.010857186    -0.010857168
    -0.010857186     5.139003823    -0.010857169
    -0.010857168    -0.010857169     5.139003844
     8
Direct
     0.003678456     0.003678455     0.003678459
     0.267249848     0.267249850     0.267249845
     0.532718238     0.532718236     0.003489637
     0.795180455     0.795180455     0.269783396
     0.532718247     0.003489626     0.532718230
     0.795180477     0.269783389     0.795180451
     0.003489626     0.532718246     0.532718231
     0.269783383     0.795180475     0.795180459
---si---
       1.0
     5.201409945    -0.028228683    -0.028228637
    -0.028228683     5.201409939    -0.028228639
    -0.028228637    -0.028228639     5.201409994
     8
Direct
     0.009563986     0.009563982     0.009563993
     0.268182939     0.268182943     0.268182930
     0.531734086     0.531734079     0.009073057
     0.787469182     0.787469183     0.274770163
     0.531734109     0.009073028     0.531734065
     0.787469240     0.274770144     0.787469174
     0.009073027     0.531734107     0.531734067
     0.274770130     0.787469236     0.787469194
---si---
       1.0
     5.301259737    -0.056023078    -0.056022987
    -0.056023078     5.301259725    -0.056022991
    -0.056022987    -0.056022991     5.301259834
     8
Direct
     0.018980834     0.018980826     0.018980848
     0.269675884     0.269675892     0.269675866
     0.530159442     0.530159429     0.018006529
     0.775131145     0.775131148     0.282748990
     0.530159488     0.018006471     0.530159401
     0.775131260     0.282748952     0.775131129
     0.018006469     0.530159483     0.530159404
     0.282748925     0.775131253     0.775131170
---si---
       1.0
     5.409211793    -0.086072836    -0.086072697
    -0.086072836     5.409211775    -0.086072703
    -0.086072697    -0.086072703     5.409211942
     8
Direct
     0.029161807     0.029161795     0.029161829
     0.271289974     0.271289986     0.271289946
     0.528457024     0.528457005     0.027664904
     0.761791945     0.761791948     0.291375255
     0.528457096     0.027664813     0.528456962
     0.761792121     0.291375196     0.761791920
     0.027664812     0.528457088     0.528456967
     0.291375156     0.761792110     0.761791983
---si---
       1.0
     5.357435045    -0.071660153    -0.071660037
    -0.071660153     5.357435030    -0.071660043
    -0.071660037    -0.071660043     5.357435169
     8
Direct
     0.024278735     0.024278725     0.024278753
     0.270515813     0.270515822     0.270515790
     0.529273550     0.529273534     0.023032484
     0.768189789     0.768189792     0.287237864
     0.529273610     0.023032409     0.529273498
     0.768189936     0.287237814     0.768189768
     0.023032408     0.529273603     0.529273502
     0.287237781     0.768189927     0.768189821
---si---
       1.0
     5.465387058    -0.045936037    -0.045935968
    -0.045936037     5.465387043    -0.045935992
    -0.045935968    -0.045935992     5.465387277
     8
Direct
     0.019727485     0.019727504     0.019727560
     0.277244640     0.277244649     0.277244651
     0.521449103     0.521449102     0.027320328
     0.773450536     0.773450572     0.285806342
     0.521449197     0.027320303     0.521449146
     0.773450574     0.285806429     0.773450438
     0.027320302     0.521449204     0.521449175
     0.285806387     0.773450579     0.773450501
---si---
       1.0
     5.573339070    -0.020211920    -0.020211898
    -0.020211920     5.573339055    -0.020211942
    -0.020211898    -0.020211942     5.573339384
     8
Direct
     0.015176234     0.015176282     0.015176367
     0.283973468     0.283973475     0.283973513
     0.513624656     0.513624670     0.031608172
     0.778711283     0.778711352     0.284374820
     0.513624784     0.031608198     0.513624793
     0.778711213     0.284375043     0.778711108
     0.031608197     0.513624804     0.513624847
     0.284374994     0.778711232     0.778711182
---si---
       1.0
     5.476991407    -0.043170811    -0.043170748
    -0.043170811     5.476991391    -0.043170774
    -0.043170748    -0.043170774     5.476991636
     8
Direct
     0.019238246     0.019238268     0.019238328
     0.277967959     0.277967967     0.277967973
     0.520608011     0.520608011     0.027781252
     0.774016043     0.774016082     0.285652460
     0.520608108     0.027781232     0.520608063
     0.774016069     0.285652561     0.774015936
     0.027781231     0.520608116     0.520608095
     0.285652519     0.774016076     0.774016001
---si---
       1.0
     5.571610944    -0.023933840    -0.023934305
    -0.023933840     5.571611046    -0.023934240
    -0.023934305    -0.023934240     5.571611379
     8
Direct
     0.021842936     0.021842953     0.021842785
     0.266573428     0.266573399     0.266573628
     0.527102671     0.527102681     0.030269282
     0.778749247     0.778749162     0.269349650
     0.527102581     0.030269475     0.527102557
     0.778749123     0.269349585     0.778749314
     0.030269466     0.527102782     0.527102564
     0.269349581     0.778749194     0.778749259
---si---
       1.0
     5.520518431    -0.034321390    -0.034321570
    -0.034321390     5.520518470    -0.034321554
    -0.034321570    -0.034321554     5.520518755
     8
Direct
     0.020436460     0.020436479     0.020436434
     0.272726229     0.272726220     0.272726329
     0.523595694     0.523595699     0.028925799
     0.776193418     0.776193401     0.278152816
     0.523595705     0.028925877     0.523595670
     0.776193376     0.278152841     0.776193392
     0.028925873     0.523595802     0.523595691
     0.278152816     0.776193412     0.776193402
---si---
       1.0
     5.139009327    -0.010854704    -0.010854664
    -0.010854704     5.139009329    -0.010854661
    -0.010854664    -0.010854661     5.139009340
     8
Direct
     0.003676730     0.003676735     0.003676750
     0.267253286     0.267253286     0.267253275
     0.532720077     0.532720076     0.003488303
     0.795179398     0.795179398     0.269781489
     0.532720081     0.003488294     0.532720081
     0.795179413     0.269781492     0.795179395
     0.003488296     0.532720081     0.532720076
     0.269781488     0.795179413     0.795179401
---si---
       1.0
     5.201424249    -0.028222231    -0.028222127
    -0.028222231     5.201424256    -0.028222117
    -0.028222127    -0.028222117     5.201424285
     8
Direct
     0.009559497     0.009559512     0.009559551
     0.268191877     0.268191876     0.268191849
     0.531738868     0.531738863     0.009069588
     0.787466434     0.787466435     0.274765205
     0.531738877     0.009069564     0.531738877
     0.787466474     0.274765213     0.787466428
     0.009069570     0.531738878     0.531738864
     0.274765201     0.787466474     0.787466442
---si---
       1.0
     5.301288126    -0.056010275    -0.056010066
    -0.056010275     5.301288138    -0.056010048
    -0.056010066    -0.056010048     5.301288197
     8
Direct
     0.018971925     0.018971954     0.018972031
     0.269693622     0.269693620     0.269693568
     0.530168932     0.530168924     0.017999643
     0.775125692     0.775125695     0.282739151
     0.530168950     0.017999596     0.530168951
     0.775125771     0.282739166     0.775125680
     0.017999608     0.530168953     0.530168926
     0.282739142     0.775125771     0.775125707
---si---
       1.0
     5.409240195    -0.086048932    -0.086048612
    -0.086048932     5.409240214    -0.086048585
    -0.086048612    -0.086048585     5.409240304
     8
Direct
     0.029146686     0.029146731     0.029146850
     0.271316996     0.271316995     0.271316914
     0.528471844     0.528471831     0.027652964
     0.761785446     0.761785450     0.291358924
     0.528471872     0.027652892     0.528471873
     0.761785568     0.291358947     0.761785428
     0.027652910     0.528471876     0.528471834
     0.291358911     0.761785568     0.761785470
---si---
       1.0
     5.357475556    -0.071644945    -0.071644678
    -0.071644945     5.357475572    -0.071644655
    -0.071644678    -0.071644655     5.357475647
     8
Direct
     0.024267735     0.024267773     0.024267871
     0.270538564     0.270538562     0.270538495
     0.529285623     0.529285612     0.023024052
     0.768182295     0.768182298     0.287225613
     0.529285646     0.023023992     0.529285648
     0.768182396     0.287225632     0.768182279
     0.023024007     0.529285650     0.529285615
     0.287225602     0.768182395     0.768182314
---si---
       1.0
     5.465427554    -0.045903972    -0.045903926
    -0.045903972     5.465427566    -0.045903968
    -0.045903926    -0.045903968     5.465427755
     8
Direct
     0.019737744     0.019737785     0.019737787
     0.277246968     0.277246952     0.277246966
     0.521449147     0.521449133     0.027304721
     0.773453920     0.773453936     0.285798023
     0.521449195     0.027304713     0.521449210
     0.773453981     0.285798086     0.773453893
     0.027304732     0.521449207     0.521449210
     0.285798056     0.773453981     0.773453929
---si---
       1.0
     5.573379551    -0.020163000    -0.020163174
    -0.020163000     5.573379560    -0.020163280
    -0.020163174    -0.020163280     5.573379863
     8
Direct
     0.015207753     0.015207796     0.015207703
     0.283955372     0.283955343     0.283955436
     0.513612671     0.513612653     0.031585391
     0.778725546     0.778725573     0.284370434
     0.513612744     0.031585434     0.513612772
     0.778725565     0.284370539     0.778725506
     0.031585458     0.513612765     0.513612804
     0.284370511     0.778725566     0.778725544
---si---
       1.0
     5.139011310    -0.010856233    -0.010856207
    -0.010856233     5.139011315    -0.010856206
    -0.010856207    -0.010856206     5.139011322
     8
Direct
     0.003679101     0.003679106     0.003679115
     0.267248794     0.267248788     0.267248783
     0.532719378     0.532719376     0.003486339
     0.795180696     0.795180698     0.269784370
     0.532719374     0.003486321     0.532719367
     0.795180708     0.269784363     0.795180695
     0.003486322     0.532719376     0.532719366
     0.269784355     0.795180709     0.795180699
---si---
       1.0
     5.201429407    -0.028226205    -0.028226139
    -0.028226205     5.201429419    -0.028226135
    -0.028226139    -0.028226135     5.201429437
     8
Direct
     0.009565664     0.009565677     0.009565700
     0.268180197     0.268180183     0.268180170
     0.531737050     0.531737043     0.009064481
     0.787469809     0.787469816     0.274772695
     0.531737040     0.009064434     0.531737021
     0.787469842     0.274772676     0.787469807
     0.009064437     0.531737045     0.531737019
     0.274772656     0.787469842     0.787469819
---si---
       1.0
     5.301298362    -0.056018161    -0.056018030
    -0.056018161     5.301298385    -0.056018022
    -0.056018030    -0.056018022     5.301298420
     8
Direct
     0.018984164     0.018984189     0.018984236
     0.269670441     0.269670414     0.269670388
     0.530165326     0.530165311     0.017989508
     0.775132390     0.775132403     0.282754016
     0.530165305     0.017989415     0.530165267
     0.775132455     0.282753977     0.775132386
     0.017989422     0.530165316     0.530165264
     0.282753937     0.775132456     0.775132409
---si---
       1.0
     5.409250438    -0.086059522    -0.086059321
    -0.086059522     5.409250475    -0.086059309
    -0.086059321    -0.086059309     5.409250528
     8
Direct
     0.029164971     0.029165010     0.029165082
     0.271281303     0.271281260     0.271281220
     0.528466390     0.528466367     0.027636903
     0.761796414     0.761796435     0.291381322
     0.528466358     0.027636759     0.528466300
     0.761796513     0.291381264     0.761796407
     0.027636770     0.528466375     0.528466295
     0.291381202     0.761796516     0.761796444
---si---
       1.0
     5.357500793    -0.071658412    -0.071658244
    -0.071658412     5.357500823    -0.071658234
    -0.071658244    -0.071658234     5.357500868
     8
Direct
     0.024284535     0.024284568     0.024284627
     0.270509094     0.270509059     0.270509026
     0.529280819     0.529280800     0.023012173
     0.768189362     0.768189379     0.287245598
     0.529280793     0.023012053     0.529280744
     0.768189445     0.287245549     0.768189356
     0.023012062     0.529280806     0.529280740
     0.287245497     0.768189447     0.768189387
---si---
       1.0
     5.465452780    -0.045946390    -0.045946323
    -0.045946390     5.465452820    -0.045946342
    -0.045946323    -0.045946342     5.465452976
     8
Direct
     0.019729222     0.019729277     0.019729304
     0.277248248     0.277248219     0.277248179
     0.521453748     0.521453767     0.027316378
     0.773444975     0.773445017     0.285803101
     0.521453763     0.027316306     0.521453802
     0.773444972     0.285803137     0.773444894
     0.027316334     0.521453772     0.521453809
     0.285803084     0.773444984     0.773444969
---si---
       1.0
     5.573404767    -0.020234368    -0.020234401
    -0.020234368     5.573404816    -0.020234451
    -0.020234401    -0.020234451     5.573405084
     8
Direct
     0.015173909     0.015173986     0.015173981
     0.283987401     0.283987379     0.283987333
     0.513626677     0.513626734     0.031620584
     0.778700587     0.778700655     0.284360605
     0.513626734     0.031620559     0.513626859
     0.778700498     0.284360725     0.778700432
     0.031620606     0.513626737     0.513626878
     0.284360671     0.778700520     0.778700551
---si---
       1.0
     5.477046062    -0.043185100    -0.043185044
    -0.043185100     5.477046103    -0.043185067
    -0.043185044    -0.043185067     5.477046271
     8
Direct
     0.019240013     0.019240071     0.019240095
     0.277971985     0.277971957     0.277971917
     0.520613176     0.520613199     0.027778620
     0.774009391     0.774009435     0.285648187
     0.520613196     0.027778552     0.520613243
     0.774009378     0.285648232     0.774009302
     0.027778583     0.520613203     0.520613252
     0.285648179     0.774009391     0.774009382
---si---
       1.0
     5.571584840    -0.023889171    -0.023889706
    -0.023889171     5.571584887    -0.023889696
    -0.023889706    -0.023889696     5.571585269
     8
Direct
     0.021847870     0.021847874     0.021847828
     0.266567167     0.266567219     0.266567378
     0.527107363     0.527107384     0.030268120
     0.778751587     0.778751434     0.269337090
     0.527107177     0.030268373     0.527107253
     0.778751322     0.269336935     0.778751475
     0.030268409     0.527107393     0.527107171
     0.269336862     0.778751408     0.778751490
---si---
       1.0
     5.520511864    -0.034313471    -0.034313686
    -0.034313471     5.520511907    -0.034313694
    -0.034313686    -0.034313694     5.520512174
     8
Direct
     0.020439020     0.020439053     0.020439044
     0.272728427     0.272728436     0.272728487
     0.523598988     0.523599011     0.028923210
     0.776189696     0.776189650     0.278148884
     0.523598913     0.028923290     0.523598974
     0.776189567     0.278148838     0.776189596
     0.028923323     0.523599017     0.523598941
     0.278148775     0.776189614     0.776189646
---si---
       1.0
     5.525276952     0.010352573     0.010353829
     0.010352573     5.525277084     0.010353686
     0.010353829     0.010353686     5.525277083
     8
Direct
     0.024213166     0.024213354     0.024213436
     0.270765110     0.270765159     0.270764284
     0.526835951     0.526835901     0.020710647
     0.775160951     0.775161135     0.279979674
     0.526835857     0.020710411     0.526835956
     0.775161431     0.279980047     0.775160807
     0.020710116     0.526835688     0.526836107
     0.279980058     0.775161356     0.775160808
---si---
       1.0
     5.522014421    -0.020229094    -0.020228846
    -0.020229094     5.522014493    -0.020228896
    -0.020228846    -0.020228896     5.522014675
     8
Direct
     0.021629107     0.021629189     0.021629209
     0.272109342     0.272109363     0.272109123
     0.524619687     0.524619687     0.026333573
     0.775865305     0.775865332     0.278726180
     0.524619607     0.026333554     0.524619679
     0.775865369     0.278726266     0.775865192
     0.026333483     0.524619624     0.524619704
     0.278726227     0.775865377     0.775865226
---si---
       1.0
     5.520026481    -0.003517761    -0.003517797
    -0.003517761     5.520026595    -0.003517891
    -0.003517797    -0.003517891     5.520026623
     8
Direct
     0.022882948     0.022882991     0.022882817
     0.273227085     0.273227133     0.273226941
     0.525222674     0.525222685     0.026178471
     0.774841956     0.774842072     0.277172184
     0.525222841     0.026178882     0.525222629
     0.774841845     0.277172102     0.774841977
     0.026178822     0.525222807     0.525222706
     0.277172149     0.774841898     0.774841914
---si---
       1.0
     5.516845775     0.023220372     0.023219882
     0.023220372     5.516845958     0.023219717
     0.023219882     0.023219717     5.516845740
     8
Direct
     0.024889095     0.024889073     0.024888591
     0.275015474     0.275015565     0.275015450
     0.526187452     0.526187481     0.025930308
     0.773204596     0.773204857     0.274685791
     0.526188016     0.025931408     0.526187349
     0.773204208     0.274685439     0.773204832
     0.025931366     0.526187900     0.526187509
     0.274685625     0.773204331     0.773204614
---si---
       1.0
     5.519516658     0.000767987     0.000767878
     0.000767987     5.519516783     0.000767772
     0.000767878     0.000767772     5.519516772
     8
Direct
     0.023204505     0.023204537     0.023204315
     0.273513738     0.273513794     0.273513614
     0.525377314     0.525377328     0.026138694
     0.774579510     0.774579650     0.276773650
     0.525377545     0.026139216     0.525377260
     0.774579355     0.276773525     0.774579565
     0.026139159     0.525377498     0.525377351
     0.276773594     0.774579419     0.774579478
---si---
       1.0
     5.516881363     0.007725352     0.007727887
     0.007725352     5.516881638     0.007728286
     0.007727887     0.007728286     5.516881335
     8
Direct
     0.025436058     0.025436257     0.025437670
     0.274857438     0.274857454     0.274857918
     0.523300023     0.523300209     0.026425226
     0.776009421     0.776008792     0.274007373
     0.523298798     0.026423944     0.523299912
     0.776009727     0.274009305     0.776008160
     0.026423617     0.523299287     0.523299895
     0.274009447     0.776009694     0.776008208
---si---
       1.0
     5.518864813     0.002488903     0.002489449
     0.002488903     5.518864976     0.002489468
     0.002489449     0.002489468     5.518864892
     8
Direct
     0.023756484     0.023756557     0.023756739
     0.273846105     0.273846150     0.273846130
     0.524863492     0.524863549     0.026209568
     0.774933201     0.774933150     0.276089407
     0.524863363     0.026209644     0.524863425
     0.774933160     0.276089790     0.774932931
     0.026209520     0.524863449     0.524863488
     0.276089878     0.774933200     0.774932877
