---siesta---
       1.0
     5.139003825    -0.010857186    -0.010857168
    -0.010857186     5.139003823    -0.010857169
    -0.010857168    -0.010857169     5.139003844
     8
Direct
     0.003678456     0.003678455     0.003678459
     0.267249848     0.267249850     0.267249845
     0.532718238     0.532718236     0.003489637
     0.795180455     0.795180455     0.269783396
     0.532718247     0.003489626     0.532718230
     0.795180477     0.269783389     0.795180451
     0.003489626     0.532718246     0.532718231
     0.269783383     0.795180475     0.795180459
---siesta---
       1.0
     5.201409945    -0.028228683    -0.028228637
    -0.028228683     5.201409939    -0.028228639
    -0.028228637    -0.028228639     5.201409994
     8
Direct
     0.009563986     0.009563982     0.009563993
     0.268182939     0.268182943     0.268182930
     0.531734086     0.531734079     0.009073057
     0.787469182     0.787469183     0.274770163
     0.531734109     0.009073028     0.531734065
     0.787469240     0.274770144     0.787469174
     0.009073027     0.531734107     0.531734067
     0.274770130     0.787469236     0.787469194
---siesta---
       1.0
     5.301259737    -0.056023078    -0.056022987
    -0.056023078     5.301259725    -0.056022991
    -0.056022987    -0.056022991     5.301259834
     8
Direct
     0.018980834     0.018980826     0.018980848
     0.269675884     0.269675892     0.269675866
     0.530159442     0.530159429     0.018006529
     0.775131145     0.775131148     0.282748990
     0.530159488     0.018006471     0.530159401
     0.775131260     0.282748952     0.775131129
     0.018006469     0.530159483     0.530159404
     0.282748925     0.775131253     0.775131170
---siesta---
       1.0
     5.409211793    -0.086072836    -0.086072697
    -0.086072836     5.409211775    -0.086072703
    -0.086072697    -0.086072703     5.409211942
     8
Direct
     0.029161807     0.029161795     0.029161829
     0.271289974     0.271289986     0.271289946
     0.528457024     0.528457005     0.027664904
     0.761791945     0.761791948     0.291375255
     0.528457096     0.027664813     0.528456962
     0.761792121     0.291375196     0.761791920
     0.027664812     0.528457088     0.528456967
     0.291375156     0.761792110     0.761791983
---siesta---
       1.0
     5.357435045    -0.071660153    -0.071660037
    -0.071660153     5.357435030    -0.071660043
    -0.071660037    -0.071660043     5.357435169
     8
Direct
     0.024278735     0.024278725     0.024278753
     0.270515813     0.270515822     0.270515790
     0.529273550     0.529273534     0.023032484
     0.768189789     0.768189792     0.287237864
     0.529273610     0.023032409     0.529273498
     0.768189936     0.287237814     0.768189768
     0.023032408     0.529273603     0.529273502
     0.287237781     0.768189927     0.768189821
---siesta---
       1.0
     5.465387058    -0.045936037    -0.045935968
    -0.045936037     5.465387043    -0.045935992
    -0.045935968    -0.045935992     5.465387277
     8
Direct
     0.019727485     0.019727504     0.019727560
     0.277244640     0.277244649     0.277244651
     0.521449103     0.521449102     0.027320328
     0.773450536     0.773450572     0.285806342
     0.521449197     0.027320303     0.521449146
     0.773450574     0.285806429     0.773450438
     0.027320302     0.521449204     0.521449175
     0.285806387     0.773450579     0.773450501
---siesta---
       1.0
     5.573339070    -0.020211920    -0.020211898
    -0.020211920     5.573339055    -0.020211942
    -0.020211898    -0.020211942     5.573339384
     8
Direct
     0.015176234     0.015176282     0.015176367
     0.283973468     0.283973475     0.283973513
     0.513624656     0.513624670     0.031608172
     0.778711283     0.778711352     0.284374820
     0.513624784     0.031608198     0.513624793
     0.778711213     0.284375043     0.778711108
     0.031608197     0.513624804     0.513624847
     0.284374994     0.778711232     0.778711182
---siesta---
       1.0
     5.476991407    -0.043170811    -0.043170748
    -0.043170811     5.476991391    -0.043170774
    -0.043170748    -0.043170774     5.476991636
     8
Direct
     0.019238246     0.019238268     0.019238328
     0.277967959     0.277967967     0.277967973
     0.520608011     0.520608011     0.027781252
     0.774016043     0.774016082     0.285652460
     0.520608108     0.027781232     0.520608063
     0.774016069     0.285652561     0.774015936
     0.027781231     0.520608116     0.520608095
     0.285652519     0.774016076     0.774016001
---siesta---
       1.0
     5.571610944    -0.023933840    -0.023934305
    -0.023933840     5.571611046    -0.023934240
    -0.023934305    -0.023934240     5.571611379
     8
Direct
     0.021842936     0.021842953     0.021842785
     0.266573428     0.266573399     0.266573628
     0.527102671     0.527102681     0.030269282
     0.778749247     0.778749162     0.269349650
     0.527102581     0.030269475     0.527102557
     0.778749123     0.269349585     0.778749314
     0.030269466     0.527102782     0.527102564
     0.269349581     0.778749194     0.778749259
---siesta---
       1.0
     5.520518431    -0.034321390    -0.034321570
    -0.034321390     5.520518470    -0.034321554
    -0.034321570    -0.034321554     5.520518755
     8
Direct
     0.020436460     0.020436479     0.020436434
     0.272726229     0.272726220     0.272726329
     0.523595694     0.523595699     0.028925799
     0.776193418     0.776193401     0.278152816
     0.523595705     0.028925877     0.523595670
     0.776193376     0.278152841     0.776193392
     0.028925873     0.523595802     0.523595691
     0.278152816     0.776193412     0.776193402
---siesta---
       1.0
     5.139008485    -0.010853777    -0.010853738
    -0.010853777     5.139008487    -0.010853737
    -0.010853738    -0.010853737     5.139008502
     8
Direct
     0.003677303     0.003677307     0.003677314
     0.267252771     0.267252770     0.267252764
     0.532720387     0.532720384     0.003488602
     0.795179260     0.795179260     0.269780785
     0.532720389     0.003488589     0.532720387
     0.795179276     0.269780790     0.795179256
     0.003488588     0.532720390     0.532720386
     0.269780785     0.795179277     0.795179262
---siesta---
       1.0
     5.201422061    -0.028219820    -0.028219718
    -0.028219820     5.201422065    -0.028219716
    -0.028219718    -0.028219716     5.201422106
     8
Direct
     0.009560987     0.009560997     0.009561017
     0.268190538     0.268190534     0.268190521
     0.531739673     0.531739664     0.009070364
     0.787466075     0.787466075     0.274763374
     0.531739679     0.009070330     0.531739672
     0.787466117     0.274763388     0.787466067
     0.009070328     0.531739682     0.531739669
     0.274763374     0.787466119     0.787466082
---siesta---
       1.0
     5.301283782    -0.056005489    -0.056005287
    -0.056005489     5.301283791    -0.056005282
    -0.056005287    -0.056005282     5.301283872
     8
Direct
     0.018974881     0.018974902     0.018974941
     0.269690966     0.269690958     0.269690931
     0.530170530     0.530170513     0.018001185
     0.775124979     0.775124980     0.282735516
     0.530170542     0.018001117     0.530170529
     0.775125063     0.282735544     0.775124963
     0.018001113     0.530170548     0.530170523
     0.282735517     0.775125068     0.775124993
---siesta---
       1.0
     5.409235842    -0.086042225    -0.086041915
    -0.086042225     5.409235855    -0.086041907
    -0.086041915    -0.086041907     5.409235980
     8
Direct
     0.029151447     0.029151479     0.029151538
     0.271312951     0.271312939     0.271312897
     0.528474263     0.528474237     0.027655539
     0.761784065     0.761784066     0.291353525
     0.528474281     0.027655435     0.528474261
     0.761784193     0.291353568     0.761784040
     0.027655429     0.528474290     0.528474252
     0.291353526     0.761784201     0.761784086
---siesta---
       1.0
     5.357454202    -0.071634427    -0.071634169
    -0.071634427     5.357454213    -0.071634162
    -0.071634169    -0.071634162     5.357454317
     8
Direct
     0.024270028     0.024270054     0.024270103
     0.270534929     0.270534919     0.270534884
     0.529287916     0.529287894     0.023024610
     0.768183336     0.768183337     0.287219702
     0.529287931     0.023024524     0.529287914
     0.768183442     0.287219739     0.768183314
     0.023024519     0.529287938     0.529287907
     0.287219704     0.768183449     0.768183353
---siesta---
       1.0
     5.465405967    -0.045895971    -0.045895861
    -0.045895971     5.465405987    -0.045895908
    -0.045895861    -0.045895908     5.465406425
     8
Direct
     0.019738532     0.019738552     0.019738591
     0.277247623     0.277247634     0.277247655
     0.521450997     0.521451007     0.027305179
     0.773453993     0.773454008     0.285797900
     0.521451097     0.027305152     0.521451017
     0.773454014     0.285797985     0.773453931
     0.027305146     0.521451126     0.521451022
     0.285797952     0.773454023     0.773453962
---siesta---
       1.0
     5.573357733    -0.020157516    -0.020157553
    -0.020157516     5.573357761    -0.020157653
    -0.020157553    -0.020157653     5.573358533
     8
Direct
     0.015207037     0.015207050     0.015207079
     0.283960316     0.283960349     0.283960425
     0.513614078     0.513614119     0.031585748
     0.778724651     0.778724679     0.284376098
     0.513614263     0.031585780     0.513614121
     0.778724587     0.284376231     0.778724548
     0.031585772     0.513614313     0.513614137
     0.284376201     0.778724598     0.778724571
---siesta---
       1.0
     5.476996467    -0.043132500    -0.043132406
    -0.043132500     5.476996488    -0.043132458
    -0.043132406    -0.043132458     5.476996961
     8
Direct
     0.019251998     0.019252017     0.019252055
     0.277968347     0.277968361     0.277968388
     0.520609567     0.520609581     0.027764773
     0.774019890     0.774019906     0.285645245
     0.520609677     0.027764751     0.520609590
     0.774019902     0.285645335     0.774019823
     0.027764745     0.520609708     0.520609596
     0.285645303     0.774019911     0.774019854
---siesta---
       1.0
     5.571607655    -0.023921736    -0.023921958
    -0.023921736     5.571607769    -0.023921975
    -0.023921958    -0.023921975     5.571608236
     8
Direct
     0.021856386     0.021856312     0.021856210
     0.266577539     0.266577498     0.266577553
     0.527100423     0.527100410     0.030272011
     0.778744863     0.778744818     0.269333113
     0.527100389     0.030272269     0.527100427
     0.778744901     0.269333008     0.778744856
     0.030272288     0.527100565     0.527100433
     0.269333028     0.778744933     0.778744848
---siesta---
       1.0
     5.520497369    -0.034299659    -0.034299711
    -0.034299659     5.520497432    -0.034299747
    -0.034299711    -0.034299747     5.520497903
     8
Direct
     0.020449459     0.020449435     0.020449409
     0.272731013     0.272731001     0.272731041
     0.523593972     0.523593973     0.028917566
     0.776192366     0.776192355     0.278145155
     0.523594015     0.028917673     0.523593986
     0.776192391     0.278145155     0.776192328
     0.028917678     0.523594113     0.523593992
     0.278145147     0.776192410     0.776192340
---siesta---
       1.0
     5.525252862     0.010325787     0.010326714
     0.010325787     5.525252939     0.010326534
     0.010326714     0.010326534     5.525252871
     8
Direct
     0.024201940     0.024202043     0.024202287
     0.270777998     0.270778181     0.270777339
     0.526858973     0.526858776     0.020712101
     0.775139660     0.775139752     0.279966270
     0.526858897     0.020712115     0.526858811
     0.775139952     0.279966819     0.775139516
     0.020711981     0.526858651     0.526858820
     0.279966798     0.775139819     0.775139593
---siesta---
       1.0
     5.521997734    -0.020220266    -0.020220008
    -0.020220266     5.521997802    -0.020220090
    -0.020220008    -0.020220090     5.521998102
     8
Direct
     0.021633372     0.021633388     0.021633448
     0.272114834     0.272114883     0.272114645
     0.524624085     0.524624023     0.026328729
     0.775860236     0.775860257     0.278719719
     0.524624090     0.026328807     0.524624043
     0.775860344     0.278719893     0.775860164
     0.026328769     0.524624080     0.524624050
     0.278719880     0.775860316     0.775860197
---siesta---
       1.0
     5.520017995    -0.003486138    -0.003486135
    -0.003486138     5.520018092    -0.003486144
    -0.003486135    -0.003486144     5.520018201
     8
Direct
     0.022882605     0.022882631     0.022882524
     0.273240245     0.273240217     0.273240078
     0.525221539     0.525221507     0.026179728
     0.774839735     0.774839768     0.277162225
     0.525221656     0.026180076     0.525221444
     0.774839655     0.277162194     0.774839611
     0.026180016     0.525221684     0.525221512
     0.277162257     0.774839622     0.774839563
---siesta---
       1.0
     5.516850413     0.023288467     0.023288061
     0.023288467     5.516850555     0.023288169
     0.023288061     0.023288169     5.516850359
     8
Direct
     0.024881377     0.024881418     0.024881047
     0.275040902     0.275040751     0.275040770
     0.526177466     0.526177482     0.025941326
     0.773206934     0.773206985     0.274670235
     0.526177761     0.025942106     0.526177286
     0.773206553     0.274669876     0.773206726
     0.025942010     0.526177850     0.526177452
     0.274670058     0.773206513     0.773206548
---siesta---
       1.0
     5.519513529     0.000777960     0.000777897
     0.000777960     5.519513633     0.000777907
     0.000777897     0.000777907     5.519513694
     8
Direct
     0.023200927     0.023200955     0.023200807
     0.273527016     0.273526968     0.273526854
     0.525373779     0.525373755     0.026141761
     0.774579697     0.774579732     0.276765353
     0.525373924     0.026142177     0.525373671
     0.774579569     0.276765270     0.774579559
     0.026142111     0.525373962     0.525373754
     0.276765351     0.774579535     0.774579490
---siesta---
       1.0
     5.516928004     0.007705074     0.007706649
     0.007705074     5.516928150     0.007706262
     0.007706649     0.007706262     5.516927937
     8
Direct
     0.025490429     0.025490297     0.025491245
     0.274813366     0.274813690     0.274813845
     0.523301377     0.523301580     0.026405162
     0.776007523     0.776007511     0.274011981
     0.523300786     0.026404236     0.523301505
     0.776007875     0.274013761     0.776007072
     0.026404364     0.523300748     0.523301261
     0.274013676     0.776008087     0.776007259
---siesta---
       1.0
     5.518873846     0.002491791     0.002492133
     0.002491791     5.518873961     0.002492045
     0.002492133     0.002492045     5.518873954
     8
Direct
     0.023767371     0.023767359     0.023767482
     0.273845270     0.273845315     0.273845268
     0.524861048     0.524861080     0.026206928
     0.774932954     0.774932978     0.276084144
     0.524861011     0.026207013     0.524860998
     0.774932945     0.276084522     0.774932739
     0.026206995     0.524861030     0.524861001
     0.276084562     0.774932972     0.774932733
