---si---
       1.0
     5.085172074    -0.011523027    -0.011523025
    -0.011523027     5.085172073    -0.011523021
    -0.011523025    -0.011523021     5.085172072
     8
Direct
     0.003594559     0.003594558     0.003594549
     0.269927170     0.269927171     0.269927170
     0.537948777     0.537948774     0.003511437
     0.802800423     0.802800425     0.273153093
     0.537948768     0.003511428     0.537948765
     0.802800436     0.273153083     0.802800422
     0.003511430     0.537948767     0.537948766
     0.273153079     0.802800436     0.802800427
---si---
       1.0
     5.141447392    -0.029959871    -0.029959864
    -0.029959871     5.141447390    -0.029959854
    -0.029959864    -0.029959854     5.141447388
     8
Direct
     0.009345854     0.009345850     0.009345828
     0.270919553     0.270919556     0.270919553
     0.536884642     0.536884635     0.009129737
     0.794607832     0.794607839     0.279306952
     0.536884619     0.009129713     0.536884612
     0.794607866     0.279306926     0.794607831
     0.009129718     0.536884616     0.536884612
     0.279306917     0.794607865     0.794607843
---si---
       1.0
     5.231487902    -0.059458821    -0.059458807
    -0.059458821     5.231487897    -0.059458788
    -0.059458807    -0.059458788     5.231487894
     8
Direct
     0.018547926     0.018547917     0.018547874
     0.272507366     0.272507371     0.272507366
     0.535182026     0.535182013     0.018119016
     0.781499686     0.781499700     0.289153128
     0.535181981     0.018118970     0.535181966
     0.781499755     0.289153075     0.781499684
     0.018118978     0.535181974     0.535181967
     0.289153058     0.781499753     0.781499709
---si---
       1.0
     5.338381655    -0.094479208    -0.094479186
    -0.094479208     5.338381648    -0.094479155
    -0.094479186    -0.094479155     5.338381643
     8
Direct
     0.029472386     0.029472373     0.029472304
     0.274392375     0.274392384     0.274392376
     0.533160724     0.533160703     0.028790855
     0.765938036     0.765938058     0.300842251
     0.533160653     0.028790781     0.533160630
     0.765938145     0.300842168     0.765938032
     0.028790795     0.533160642     0.533160630
     0.300842140     0.765938142     0.765938072
---si---
       1.0
     5.292658481    -0.079499443    -0.079499425
    -0.079499443     5.292658475    -0.079499399
    -0.079499425    -0.079499399     5.292658471
     8
Direct
     0.024799512     0.024799501     0.024799443
     0.273586074     0.273586081     0.273586074
     0.534025324     0.534025307     0.024226039
     0.772594441     0.772594458     0.295842298
     0.534025264     0.024225977     0.534025245
     0.772594532     0.295842228     0.772594437
     0.024225988     0.534025255     0.534025245
     0.295842204     0.772594530     0.772594470
---si---
       1.0
     5.399552069    -0.057088565    -0.057088685
    -0.057088565     5.399552077    -0.057088647
    -0.057088685    -0.057088647     5.399552225
     8
Direct
     0.021515879     0.021515874     0.021515865
     0.280152531     0.280152527     0.280152477
     0.525463520     0.525463536     0.033696043
     0.777374503     0.777374487     0.290674835
     0.525463545     0.033696232     0.525463527
     0.777374467     0.290674758     0.777374473
     0.033696219     0.525463540     0.525463536
     0.290674757     0.777374464     0.777374498
---si---
       1.0
     5.506445657    -0.034677687    -0.034677944
    -0.034677687     5.506445678    -0.034677895
    -0.034677944    -0.034677895     5.506445978
     8
Direct
     0.018232245     0.018232247     0.018232286
     0.286718989     0.286718973     0.286718879
     0.516901716     0.516901766     0.043166048
     0.782154566     0.782154515     0.285507372
     0.516901825     0.043166488     0.516901810
     0.782154402     0.285507287     0.782154509
     0.043166450     0.516901826     0.516901827
     0.285507311     0.782154399     0.782154525
---si---
       1.0
     5.409579474    -0.054986260    -0.054986392
    -0.054986260     5.409579482    -0.054986354
    -0.054986392    -0.054986354     5.409579644
     8
Direct
     0.021207850     0.021207846     0.021207841
     0.280768513     0.280768508     0.280768453
     0.524660360     0.524660379     0.034584399
     0.777822908     0.777822889     0.290190089
     0.524660393     0.034584612     0.524660375
     0.777822860     0.290190011     0.777822875
     0.034584596     0.524660389     0.524660385
     0.290190013     0.777822858     0.777822900
---si---
       1.0
     5.488767923    -0.022304595    -0.022304370
    -0.022304595     5.488768073    -0.022304517
    -0.022304370    -0.022304517     5.488768552
     8
Direct
     0.025493632     0.025493678     0.025493828
     0.265558311     0.265558287     0.265558562
     0.531965426     0.531965349     0.031750551
     0.785060479     0.785060481     0.274989574
     0.531965234     0.031750531     0.531965090
     0.785060577     0.274989635     0.785060265
     0.031750465     0.531965210     0.531965186
     0.274989576     0.785060577     0.785060214
---si---
       1.0
     5.441152997    -0.041955631    -0.041955621
    -0.041955631     5.441153062    -0.041955656
    -0.041955621    -0.041955656     5.441153350
     8
Direct
     0.022916650     0.022916666     0.022916723
     0.274703997     0.274703984     0.274704061
     0.527572990     0.527572971     0.033454505
     0.780708627     0.780708616     0.284129435
     0.527572933     0.033454625     0.527572865
     0.780708637     0.284129412     0.780708522
     0.033454589     0.527572921     0.527572909
     0.284129390     0.780708636     0.780708516
---si---
       1.0
     5.449999155     0.009534835     0.009534764
     0.009534835     5.449999318     0.009534720
     0.009534764     0.009534720     5.449999651
     8
Direct
     0.025026298     0.025026250     0.025026135
     0.276667677     0.276667725     0.276666677
     0.529586909     0.529586996     0.027935731
     0.779239699     0.779239699     0.284376463
     0.529587337     0.027935877     0.529587542
     0.779239786     0.284376913     0.779239870
     0.027935938     0.529587560     0.529587543
     0.284377085     0.779239883     0.779239743
---si---
       1.0
     5.445531254    -0.016471291    -0.016471321
    -0.016471291     5.445531367    -0.016471361
    -0.016471321    -0.016471361     5.445531678
     8
Direct
     0.023960785     0.023960769     0.023960741
     0.275675887     0.275675904     0.275675424
     0.528569745     0.528569779     0.030723080
     0.779981606     0.779981600     0.284251697
     0.528569929     0.030723213     0.528569996
     0.779981654     0.284251908     0.779981638
     0.030723226     0.528570033     0.528570018
     0.284251982     0.779981701     0.779981572
---si---
       1.0
     5.446510637     0.005437358     0.005436847
     0.005437358     5.446510787     0.005436769
     0.005436847     0.005436769     5.446511094
     8
Direct
     0.026353404     0.026353353     0.026353195
     0.276511086     0.276511095     0.276510806
     0.529709758     0.529709790     0.030705749
     0.778352909     0.778352943     0.281918738
     0.529709981     0.030706161     0.529709792
     0.778352952     0.281918841     0.778353063
     0.030706110     0.529710076     0.529709862
     0.281918900     0.778353004     0.778353010
---si---
       1.0
     5.446502275     0.005250314     0.005249807
     0.005250314     5.446502425     0.005249730
     0.005249807     0.005249730     5.446502732
     8
Direct
     0.026332978     0.026332926     0.026332770
     0.276503956     0.276503965     0.276503674
     0.529700025     0.529700057     0.030705897
     0.778366813     0.778366848     0.281938655
     0.529700248     0.030706307     0.529700061
     0.778366857     0.281938760     0.778366967
     0.030706256     0.529700343     0.529700130
     0.281938819     0.778366909     0.778366914
---si---
       1.0
     5.437796318     0.005078464     0.005079460
     0.005078464     5.437796564     0.005079350
     0.005079460     0.005079350     5.437797011
     8
Direct
     0.028299382     0.028299592     0.028300005
     0.277475261     0.277475437     0.277475330
     0.527705743     0.527705705     0.032851574
     0.779688301     0.779688329     0.278219551
     0.527705515     0.032851276     0.527705504
     0.779688571     0.278220274     0.779687736
     0.032851166     0.527705372     0.527705575
     0.278220226     0.779688476     0.779687773
---si---
       1.0
     5.443708724     0.005195171     0.005195147
     0.005195171     5.443708904     0.005195059
     0.005195147     0.005195059     5.443709257
     8
Direct
     0.026963954     0.026963986     0.026964013
     0.276815626     0.276815689     0.276815457
     0.529060104     0.529060113     0.031394398
     0.778790850     0.778790882     0.280745276
     0.529060182     0.031394581     0.529060051
     0.778790966     0.280745579     0.778790773
     0.031394511     0.529060200     0.529060121
     0.280745604     0.778790971     0.778790749
---si---
       1.0
     5.439448697     0.002037847     0.002035210
     0.002037847     5.439446968     0.002036789
     0.002035210     0.002036789     5.439449661
     8
Direct
     0.027888555     0.027888555     0.027888286
     0.277277904     0.277278092     0.277278096
     0.528846543     0.528846527     0.030237779
     0.779102343     0.779102303     0.280431272
     0.528846779     0.030237961     0.528846188
     0.779102357     0.280431137     0.779102321
     0.030237897     0.528846834     0.528846236
     0.280430190     0.779102213     0.779103421
