---si---
       1.0
     5.138989216    -0.010800889    -0.010800864
    -0.010800889     5.138989216    -0.010800871
    -0.010800864    -0.010800871     5.138989214
     8
Direct
     0.003689261     0.003689253     0.003689243
     0.267254987     0.267254987     0.267254985
     0.532709948     0.532709942     0.003490237
     0.795181174     0.795181178     0.269781906
     0.532709950     0.003490223     0.532709955
     0.795181191     0.269781906     0.795181167
     0.003490226     0.532709951     0.532709953
     0.269781901     0.795181191     0.795181176
---si---
       1.0
     5.201371961    -0.028082313    -0.028082246
    -0.028082313     5.201371962    -0.028082265
    -0.028082246    -0.028082265     5.201371956
     8
Direct
     0.009592077     0.009592058     0.009592031
     0.268196300     0.268196301     0.268196293
     0.531712532     0.531712517     0.009074615
     0.787471053     0.787471064     0.274766290
     0.531712537     0.009074579     0.531712551
     0.787471096     0.274766289     0.787471034
     0.009074588     0.531712540     0.531712545
     0.274766276     0.787471097     0.787471056
---si---
       1.0
     5.301184353    -0.055732590    -0.055732457
    -0.055732590     5.301184355    -0.055732495
    -0.055732457    -0.055732495     5.301184344
     8
Direct
     0.019036584     0.019036545     0.019036493
     0.269702400     0.269702402     0.269702387
     0.530116665     0.530116636     0.018009621
     0.775134859     0.775134880     0.282741304
     0.530116677     0.018009549     0.530116704
     0.775134943     0.282741301     0.775134822
     0.018009568     0.530116682     0.530116692
     0.282741276     0.775134947     0.775134866
---si---
       1.0
     5.409136460    -0.085637751    -0.085637546
    -0.085637751     5.409136463    -0.085637605
    -0.085637546    -0.085637605     5.409136445
     8
Direct
     0.029251292     0.029251232     0.029251152
     0.271331323     0.271331326     0.271331303
     0.528390656     0.528390611     0.027673278
     0.761792647     0.761792680     0.291366681
     0.528390674     0.027673166     0.528390715
     0.761792776     0.291366677     0.761792590
     0.027673196     0.528390682     0.528390697
     0.291366638     0.761792782     0.761792657
---si---
       1.0
     5.357498911    -0.071332989    -0.071332818
    -0.071332989     5.357498914    -0.071332867
    -0.071332818    -0.071332867     5.357498899
     8
Direct
     0.024365214     0.024365164     0.024365097
     0.270552148     0.270552150     0.270552132
     0.529216271     0.529216233     0.023050788
     0.768174728     0.768174756     0.287240839
     0.529216286     0.023050695     0.529216320
     0.768174836     0.287240836     0.768174681
     0.023050720     0.529216293     0.529216305
     0.287240803     0.768174841     0.768174737
---si---
       1.0
     5.465450883    -0.045653413    -0.045653408
    -0.045653413     5.465450907    -0.045653445
    -0.045653408    -0.045653445     5.465451007
     8
Direct
     0.019773033     0.019773020     0.019773048
     0.277275990     0.277275991     0.277276041
     0.521441428     0.521441417     0.027331163
     0.773434392     0.773434425     0.285757340
     0.521441457     0.027331110     0.521441461
     0.773434372     0.285757401     0.773434280
     0.027331138     0.521441475     0.521441473
     0.285757392     0.773434358     0.773434326
---si---
       1.0
     5.573402854    -0.019973838    -0.019973998
    -0.019973838     5.573402900    -0.019974023
    -0.019973998    -0.019974023     5.573403115
     8
Direct
     0.015180853     0.015180876     0.015181000
     0.283999832     0.283999833     0.283999950
     0.513666584     0.513666600     0.031611538
     0.778694055     0.778694094     0.284273840
     0.513666628     0.031611525     0.513666602
     0.778693907     0.284273966     0.778693880
     0.031611555     0.513666658     0.513666640
     0.284273981     0.778693876     0.778693914
---si---
       1.0
     5.477146448    -0.042871277    -0.042871289
    -0.042871277     5.477146474    -0.042871325
    -0.042871289    -0.042871325     5.477146586
     8
Direct
     0.019275514     0.019275505     0.019275544
     0.278004454     0.278004455     0.278004512
     0.520599098     0.520599089     0.027794901
     0.774004226     0.774004259     0.285596617
     0.520599129     0.027794852     0.520599130
     0.774004192     0.285596685     0.774004108
     0.027794880     0.520599148     0.520599144
     0.285596679     0.774004177     0.774004152
---si---
       1.0
     5.571810734    -0.023751920    -0.023752313
    -0.023751920     5.571810862    -0.023752305
    -0.023752313    -0.023752305     5.571810978
     8
Direct
     0.021843450     0.021843373     0.021843206
     0.266559301     0.266559366     0.266559317
     0.527139463     0.527139466     0.030182167
     0.778731974     0.778731861     0.269352565
     0.527139492     0.030182308     0.527139435
     0.778731782     0.269352464     0.778731985
     0.030182328     0.527139632     0.527139452
     0.269352498     0.778731744     0.778731971
---si---
       1.0
     5.520696828    -0.034075401    -0.034075589
    -0.034075401     5.520696902    -0.034075605
    -0.034075589    -0.034075605     5.520697015
     8
Direct
     0.020456895     0.020456855     0.020456799
     0.272739102     0.272739133     0.272739141
     0.523607998     0.523607995     0.028893165
     0.776179230     0.776179196     0.278123528
     0.523608028     0.028893203     0.523608002
     0.776179123     0.278123518     0.776179171
     0.028893227     0.523608103     0.523608018
     0.278123530     0.776179098     0.776179189
---si---
       1.0
     5.524996661     0.010531751     0.010532868
     0.010531751     5.524996691     0.010532726
     0.010532868     0.010532726     5.524996771
     8
Direct
     0.024256958     0.024257101     0.024257646
     0.270772789     0.270772559     0.270772629
     0.526827688     0.526827608     0.020662045
     0.775124075     0.775124287     0.279979839
     0.526827455     0.020661696     0.526827635
     0.775124325     0.279980234     0.775123842
     0.020661348     0.526827420     0.526827693
     0.279980292     0.775124320     0.775123740
---si---
       1.0
     5.522040099    -0.020140101    -0.020139881
    -0.020140101     5.522040159    -0.020139936
    -0.020139881    -0.020139936     5.522040262
     8
Direct
     0.021644037     0.021644054     0.021644186
     0.272124825     0.272124774     0.272124801
     0.524613831     0.524613804     0.026321758
     0.775849599     0.775849642     0.278703440
     0.524613779     0.026321675     0.524613817
     0.775849604     0.278703557     0.775849486
     0.026321583     0.524613820     0.524613846
     0.278703584     0.775849585     0.775849466
---si---
       1.0
     5.519999503    -0.003591750    -0.003591720
    -0.003591750     5.519999535    -0.003591918
    -0.003591720    -0.003591918     5.519999615
     8
Direct
     0.022890493     0.022890497     0.022890395
     0.273228043     0.273228090     0.273228056
     0.525208639     0.525208584     0.026166060
     0.774839437     0.774839514     0.277153382
     0.525208777     0.026166283     0.525208699
     0.774839314     0.277153366     0.774839455
     0.026166230     0.525208805     0.525208638
     0.277153374     0.774839373     0.774839419
---si---
       1.0
     5.516734550     0.022885612     0.022885337
     0.022885612     5.516734538     0.022884911
     0.022885337     0.022884911     5.516734579
     8
Direct
     0.024884823     0.024884806     0.024884329
     0.274993192     0.274993396     0.274993264
     0.526160331     0.526160232     0.025916943
     0.773223178     0.773223310     0.274673290
     0.526160773     0.025917654     0.526160511
     0.773222849     0.274673061     0.773223406
     0.025917666     0.526160781     0.526160304
     0.274673037     0.773223034     0.773223343
---si---
       1.0
     5.519464838     0.000744147     0.000744127
     0.000744147     5.519464864     0.000743892
     0.000744127     0.000743892     5.519464937
     8
Direct
     0.023217082     0.023217082     0.023216919
     0.273517102     0.273517174     0.273517124
     0.525364486     0.525364424     0.026125265
     0.774574761     0.774574847     0.276747246
     0.525364674     0.026125568     0.525364567
     0.774574603     0.276747195     0.774574813
     0.026125526     0.525364699     0.525364481
     0.276747197     0.774574683     0.774574773
---si---
       1.0
     5.517035756     0.007693049     0.007694904
     0.007693049     5.517035858     0.007695723
     0.007694904     0.007695723     5.517035622
     8
Direct
     0.025418272     0.025418581     0.025419568
     0.274870459     0.274870207     0.274870703
     0.523287399     0.523287879     0.026385158
     0.776013642     0.776013546     0.274007572
     0.523286694     0.026384165     0.523287409
     0.776014179     0.274009534     0.776013009
     0.026383756     0.523286985     0.523287657
     0.274009469     0.776013839     0.776013034
---si---
       1.0
     5.518870342     0.002444829     0.002445268
     0.002444829     5.518870386     0.002445291
     0.002445268     0.002445291     5.518870384
     8
Direct
     0.023755803     0.023755880     0.023755997
     0.273848324     0.273848317     0.273848400
     0.524856138     0.524856208     0.026188871
     0.774926914     0.774926956     0.276076735
     0.524856107     0.026188857     0.524856201
     0.774926927     0.276077177     0.774926799
     0.026188725     0.524856197     0.524856197
     0.276077162     0.774926904     0.774926774
