---si---
       1.0
     5.514138446     0.008177362     0.008177521
     0.008177362     5.514138465     0.008177525
     0.008177521     0.008177525     5.514138361
     8
Direct
    -0.005346015    -0.005346020    -0.005345997
     0.246672803     0.246672883     0.246672836
     0.495134683     0.495134691    -0.005557810
     0.747088685     0.747088663     0.247024389
     0.495134839    -0.005557869     0.495134844
     0.747088652     0.247024415     0.747088496
    -0.005557837     0.495134839     0.495134888
     0.247024381     0.747088605     0.747088515
---si---
       1.0
     5.510515149     0.006081728     0.006081846
     0.006081728     5.510515163     0.006081849
     0.006081846     0.006081849     5.510515085
     8
Direct
    -0.003975978    -0.003975981    -0.003975964
     0.246826547     0.246826607     0.246826572
     0.494983680     0.494983686    -0.004133495
     0.745737999     0.745737982     0.247088031
     0.494983795    -0.004133539     0.494983799
     0.745737974     0.247088050     0.745737859
    -0.004133515     0.494983796     0.494983832
     0.247088025     0.745737940     0.745737872
---si---
       1.0
     5.527571696    -0.003812567    -0.003813278
    -0.003812567     5.527571740    -0.003813128
    -0.003813278    -0.003813128     5.527571729
     8
Direct
    -0.004916053    -0.004915994    -0.004916141
     0.243234414     0.243234387     0.243234851
     0.498559238     0.498559246    -0.004542278
     0.746665413     0.746665333     0.243037096
     0.498559081    -0.004542086     0.498558890
     0.746665180     0.243037219     0.746665676
    -0.004542126     0.498559127     0.498558967
     0.243037337     0.746665227     0.746665618
---si---
       1.0
     5.515946176     0.002931255     0.002931109
     0.002931255     5.515946200     0.002931159
     0.002931109     0.002931159     5.515946143
     8
Direct
    -0.004275310    -0.004275293    -0.004275329
     0.245682765     0.245682797     0.245682921
     0.496122185     0.496122191    -0.004263657
     0.746033300     0.746033263     0.245798160
     0.496122213    -0.004263626     0.496122155
     0.746033209     0.245798213     0.746033288
    -0.004263622     0.496122228     0.496122202
     0.245798233     0.746033200     0.746033279
