---siesta---
       1.0
     5.514252529     0.008241524     0.008241697
     0.008241524     5.514252514     0.008241704
     0.008241697     0.008241704     5.514252519
     8
Direct
    -0.005343736    -0.005343722    -0.005343639
     0.246691084     0.246691097     0.246691031
     0.495114724     0.495114723    -0.005559513
     0.747087134     0.747087118     0.247048569
     0.495114865    -0.005559638     0.495114763
     0.747087045     0.247048632     0.747086986
    -0.005559622     0.495114842     0.495114807
     0.247048633     0.747087036     0.747086989
---siesta---
       1.0
     5.510568915     0.006111474     0.006111603
     0.006111474     5.510568904     0.006111608
     0.006111603     0.006111608     5.510568908
     8
Direct
    -0.003962629    -0.003962619    -0.003962558
     0.246841412     0.246841421     0.246841372
     0.494967595     0.494967594    -0.004122638
     0.745725355     0.745725344     0.247106503
     0.494967699    -0.004122731     0.494967623
     0.745725289     0.247106551     0.745725246
    -0.004122719     0.494967682     0.494967656
     0.247106551     0.745725283     0.745725248
---siesta---
       1.0
     5.527381125    -0.003677322    -0.003677865
    -0.003677322     5.527381169    -0.003677829
    -0.003677865    -0.003677829     5.527381284
     8
Direct
    -0.004936171    -0.004936048    -0.004936171
     0.243261560     0.243261580     0.243261864
     0.498535021     0.498535031    -0.004563958
     0.746682268     0.746682193     0.243069920
     0.498534887    -0.004563910     0.498534750
     0.746682048     0.243070081     0.746682459
    -0.004563929     0.498534847     0.498534787
     0.243070224     0.746682058     0.746682404
---siesta---
       1.0
     5.516002678     0.002947702     0.002947614
     0.002947702     5.516002685     0.002947629
     0.002947614     0.002947629     5.516002725
     8
Direct
    -0.004277281    -0.004277235    -0.004277233
     0.245684392     0.245684405     0.245684463
     0.496120599     0.496120601    -0.004265274
     0.746034633     0.746034601     0.245801866
     0.496120626    -0.004265321     0.496120530
     0.746034517     0.245801950     0.746034620
    -0.004265319     0.496120602     0.496120565
     0.245801996     0.746034516     0.746034604
