---si---
       1.0
     5.138996101    -0.010787480    -0.010787450
    -0.010787480     5.138996107    -0.010787449
    -0.010787450    -0.010787449     5.138996119
     8
Direct
     0.003681341     0.003681339     0.003681341
     0.267255843     0.267255840     0.267255842
     0.532718300     0.532718302     0.003486771
     0.795177037     0.795177041     0.269784028
     0.532718295     0.003486752     0.532718310
     0.795177053     0.269784043     0.795177043
     0.003486753     0.532718293     0.532718305
     0.269784042     0.795177049     0.795177045
---si---
       1.0
     5.201389862    -0.028047448    -0.028047369
    -0.028047448     5.201389877    -0.028047367
    -0.028047369    -0.028047367     5.201389910
     8
Direct
     0.009571488     0.009571482     0.009571487
     0.268198525     0.268198518     0.268198523
     0.531734246     0.531734252     0.009065606
     0.787460296     0.787460306     0.274771807
     0.531734234     0.009065555     0.531734272
     0.787460337     0.274771846     0.787460312
     0.009065558     0.531734228     0.531734260
     0.274771843     0.787460328     0.787460318
---si---
       1.0
     5.138984587    -0.010790422    -0.010790400
    -0.010790422     5.138984589    -0.010790402
    -0.010790400    -0.010790402     5.138984609
     8
Direct
     0.003679726     0.003679733     0.003679735
     0.267255458     0.267255465     0.267255468
     0.532718024     0.532718025     0.003486437
     0.795176194     0.795176199     0.269788601
     0.532718024     0.003486424     0.532718026
     0.795176211     0.269788611     0.795176202
     0.003486418     0.532718021     0.532718023
     0.269788612     0.795176210     0.795176201
---si---
       1.0
     5.201359926    -0.028055096    -0.028055040
    -0.028055096     5.201359931    -0.028055045
    -0.028055040    -0.028055045     5.201359982
     8
Direct
     0.009567288     0.009567305     0.009567312
     0.268197525     0.268197542     0.268197549
     0.531733528     0.531733532     0.009064737
     0.787458104     0.787458117     0.274783697
     0.531733529     0.009064703     0.531733535
     0.787458150     0.274783721     0.787458126
     0.009064687     0.531733521     0.531733526
     0.274783725     0.787458145     0.787458122
---si---
       1.0
     5.301160468    -0.055678576    -0.055678463
    -0.055678576     5.301160479    -0.055678473
    -0.055678463    -0.055678473     5.301160580
     8
Direct
     0.018987386     0.018987421     0.018987434
     0.269704831     0.269704865     0.269704880
     0.530158336     0.530158342     0.017990016
     0.775109160     0.775109186     0.282775850
     0.530158336     0.017989949     0.530158348
     0.775109251     0.282775898     0.775109204
     0.017989918     0.530158320     0.530158330
     0.282775906     0.775109241     0.775109197
---si---
       1.0
     5.138990586    -0.010786100    -0.010786077
    -0.010786100     5.138990588    -0.010786080
    -0.010786077    -0.010786080     5.138990613
     8
Direct
     0.003685046     0.003685035     0.003685035
     0.267255475     0.267255478     0.267255475
     0.532717574     0.532717577     0.003486136
     0.795177018     0.795177019     0.269782807
     0.532717573     0.003486131     0.532717581
     0.795177036     0.269782819     0.795177020
     0.003486128     0.532717568     0.532717575
     0.269782818     0.795177032     0.795177022
---si---
       1.0
     5.201375523    -0.028043859    -0.028043801
    -0.028043859     5.201375528    -0.028043808
    -0.028043801    -0.028043808     5.201375594
     8
Direct
     0.009581120     0.009581091     0.009581091
     0.268197569     0.268197575     0.268197570
     0.531732360     0.531732367     0.009063952
     0.787460247     0.787460251     0.274768630
     0.531732357     0.009063942     0.531732377
     0.787460293     0.274768662     0.787460252
     0.009063934     0.531732345     0.531732361
     0.274768661     0.787460284     0.787460258
---si---
       1.0
     5.301191422    -0.055656274    -0.055656159
    -0.055656274     5.301191433    -0.055656174
    -0.055656159    -0.055656174     5.301191563
     8
Direct
     0.019014837     0.019014780     0.019014780
     0.269704920     0.269704932     0.269704920
     0.530156016     0.530156031     0.017988459
     0.775113413     0.775113420     0.282745948
     0.530156011     0.017988438     0.530156051
     0.775113505     0.282746011     0.775113423
     0.017988422     0.530155987     0.530156020
     0.282746009     0.775113487     0.775113435
---si---
       1.0
     5.409143454    -0.085519416    -0.085519238
    -0.085519416     5.409143471    -0.085519261
    -0.085519238    -0.085519261     5.409143671
     8
Direct
     0.029217510     0.029217423     0.029217423
     0.271335137     0.271335155     0.271335137
     0.528451183     0.528451205     0.027640415
     0.761760171     0.761760183     0.291373509
     0.528451175     0.027640383     0.528451236
     0.761760313     0.291373605     0.761760186
     0.027640358     0.528451137     0.528451188
     0.291373603     0.761760284     0.761760205
---si---
       1.0
     5.357395187    -0.071204115    -0.071203967
    -0.071204115     5.357395202    -0.071203986
    -0.071203967    -0.071203986     5.357395368
     8
Direct
     0.024326721     0.024326648     0.024326648
     0.270553670     0.270553685     0.270553670
     0.529268418     0.529268436     0.023013620
     0.768161228     0.768161238     0.287237771
     0.529268411     0.023013592     0.529268462
     0.768161346     0.287237851     0.768161241
     0.023013572     0.529268380     0.529268422
     0.287237849     0.768161322     0.768161256
---si---
       1.0
     5.465347129    -0.045553155    -0.045553247
    -0.045553155     5.465347175    -0.045553327
    -0.045553247    -0.045553327     5.465347475
     8
Direct
     0.019780493     0.019780450     0.019780446
     0.277257384     0.277257385     0.277257489
     0.521468290     0.521468288     0.027316916
     0.773424538     0.773424581     0.285755609
     0.521468340     0.027316922     0.521468357
     0.773424601     0.285755723     0.773424514
     0.027316908     0.521468337     0.521468344
     0.285755693     0.773424553     0.773424484
---si---
       1.0
     5.573299070    -0.019902196    -0.019902527
    -0.019902196     5.573299149    -0.019902668
    -0.019902527    -0.019902668     5.573299583
     8
Direct
     0.015234265     0.015234252     0.015234243
     0.283961099     0.283961085     0.283961307
     0.513668162     0.513668139     0.031620213
     0.778687848     0.778687923     0.284273447
     0.513668268     0.031620252     0.513668251
     0.778687856     0.284273595     0.778687787
     0.031620244     0.513668294     0.513668265
     0.284273536     0.778687783     0.778687712
---si---
       1.0
     5.477230426    -0.042729510    -0.042729628
    -0.042729510     5.477230476    -0.042729715
    -0.042729628    -0.042729715     5.477230791
     8
Direct
     0.019280046     0.019280007     0.019280002
     0.277995326     0.277995325     0.277995442
     0.520609656     0.520609651     0.027790621
     0.774003921     0.774003967     0.285592454
     0.520609711     0.027790631     0.520609725
     0.774003978     0.285592571     0.774003892
     0.027790617     0.520609712     0.520609715
     0.285592538     0.774003926     0.774003857
---si---
       1.0
     5.571980030    -0.023664202    -0.023664548
    -0.023664202     5.571980183    -0.023664483
    -0.023664548    -0.023664483     5.571980378
     8
Direct
     0.021882641     0.021882601     0.021882449
     0.266531983     0.266531917     0.266531698
     0.527156567     0.527156580     0.030206277
     0.778733358     0.778733245     0.269296367
     0.527156688     0.030206396     0.527156718
     0.778733214     0.269296249     0.778733322
     0.030206322     0.527156788     0.527156694
     0.269296225     0.778733206     0.778733227
---si---
       1.0
     5.520672476    -0.033988196    -0.033988418
    -0.033988196     5.520672573    -0.033988435
    -0.033988418    -0.033988435     5.520672833
     8
Direct
     0.020473318     0.020473279     0.020473206
     0.272739461     0.272739430     0.272739393
     0.523611370     0.523611374     0.028898183
     0.776172335     0.776172309     0.278120809
     0.523611456     0.028898243     0.523611477
     0.776172301     0.278120818     0.776172303
     0.028898202     0.523611502     0.523611460
     0.278120789     0.776172269     0.776172241
---si---
       1.0
     5.525104248     0.010598004     0.010598865
     0.010598004     5.525104310     0.010598576
     0.010598865     0.010598576     5.525104176
     8
Direct
     0.024205699     0.024205671     0.024206442
     0.270787253     0.270787311     0.270787534
     0.526834584     0.526834629     0.020656780
     0.775155761     0.775155940     0.279962539
     0.526834236     0.020656569     0.526834189
     0.775156112     0.279962841     0.775155823
     0.020656415     0.526834071     0.526834195
     0.279962996     0.775156052     0.775155791
---si---
       1.0
     5.522056228    -0.020066849    -0.020066733
    -0.020066849     5.522056314    -0.020066835
    -0.020066733    -0.020066835     5.522056451
     8
Direct
     0.021638696     0.021638660     0.021638851
     0.272129915     0.272129911     0.272129955
     0.524617768     0.524617785     0.026324933
     0.775854926     0.775854963     0.278695860
     0.524617719     0.026324908     0.524617718
     0.775855012     0.278695961     0.775854923
     0.026324832     0.524617699     0.524617709
     0.278695989     0.775854971     0.775854871
---si---
       1.0
     5.520029629    -0.003576556    -0.003576487
    -0.003576556     5.520029670    -0.003576655
    -0.003576487    -0.003576655     5.520029791
     8
Direct
     0.022893171     0.022893223     0.022893300
     0.273223419     0.273223492     0.273223461
     0.525215139     0.525215143     0.026168598
     0.774841314     0.774841359     0.277153766
     0.525215321     0.026168827     0.525215288
     0.774841232     0.277153725     0.774841294
     0.026168762     0.525215344     0.525215361
     0.277153770     0.774841268     0.774841198
---si---
       1.0
     5.516787070     0.022807914     0.022807908
     0.022807914     5.516787040     0.022807633
     0.022807908     0.022807633     5.516787135
     8
Direct
     0.024900330     0.024900523     0.024900418
     0.274973027     0.274973220     0.274973069
     0.526170931     0.526170917     0.025918461
     0.773219534     0.773219594     0.274686414
     0.526171483     0.025919097     0.526171400
     0.773219184     0.274686146     0.773219486
     0.025919052     0.526171577     0.526171603
     0.274686220     0.773219344     0.773219321
---si---
       1.0
     5.519502594     0.000711891     0.000711948
     0.000711891     5.519502623     0.000711762
     0.000711948     0.000711762     5.519502740
     8
Direct
     0.023219408     0.023219483     0.023219530
     0.273507795     0.273507887     0.273507836
     0.525370490     0.525370492     0.026127941
     0.774577715     0.774577763     0.276752730
     0.525370732     0.026128237     0.525370692
     0.774577589     0.276752652     0.774577690
     0.026128175     0.525370767     0.525370785
     0.276752702     0.774577646     0.774577583
---si---
       1.0
     5.517019846     0.007784989     0.007785262
     0.007784989     5.517019774     0.007785310
     0.007785262     0.007785310     5.517019722
     8
Direct
     0.025376967     0.025376820     0.025377190
     0.274911355     0.274911454     0.274912336
     0.523290870     0.523291112     0.026389805
     0.775996361     0.775996345     0.274040625
     0.523290098     0.026389048     0.523290118
     0.775997049     0.274041741     0.775996826
     0.026388849     0.523290063     0.523290199
     0.274041715     0.775997280     0.775997117
---si---
       1.0
     5.518891913     0.002451661     0.002451770
     0.002451661     5.518891917     0.002451642
     0.002451770     0.002451642     5.518891992
     8
Direct
     0.023750103     0.023750123     0.023750249
     0.273853028     0.273853122     0.273853301
     0.524858966     0.524859027     0.026192352
     0.774926659     0.774926691     0.276085634
     0.524858959     0.026192389     0.524858933
     0.774926734     0.276085850     0.774926755
     0.026192293     0.524858977     0.524859024
     0.276085881     0.774926833     0.774926746
