---si---
       1.0
     5.457853150    -0.004795838    -0.004795908
    -0.004795838     5.457853170    -0.004795914
    -0.004795908    -0.004795914     5.457853247
     8
Direct
     0.002671636     0.002671639     0.002671565
     0.252145781     0.252145768     0.252145701
     0.503405741     0.503405723     0.002594110
     0.752849104     0.752849096     0.252275446
     0.503405812     0.002594201     0.503405820
     0.752849076     0.252275429     0.752849103
     0.002594235     0.503405832     0.503405812
     0.252275440     0.752849116     0.752849102
---si---
       1.0
     5.550418190    -0.012469180    -0.012469360
    -0.012469180     5.550418242    -0.012469376
    -0.012469360    -0.012469376     5.550418442
     8
Direct
     0.006946254     0.006946262     0.006946070
     0.252616067     0.252616034     0.252615858
     0.502929000     0.502928955     0.006744685
     0.748518782     0.748518761     0.252953195
     0.502929187     0.006744923     0.502929206
     0.748518708     0.252953152     0.748518780
     0.006745011     0.502929237     0.502929185
     0.252953181     0.748518813     0.748518776
---si---
       1.0
     5.496179148    -0.007972939    -0.007973055
    -0.007972939     5.496179182    -0.007973065
    -0.007973055    -0.007973065     5.496179309
     8
Direct
     0.004441516     0.004441521     0.004441398
     0.252340500     0.252340479     0.252340367
     0.503208349     0.503208320     0.004312631
     0.751056160     0.751056147     0.252556064
     0.503208468     0.004312782     0.503208481
     0.751056113     0.252556036     0.751056159
     0.004312839     0.503208501     0.503208468
     0.252556054     0.751056180     0.751056157
---si---
       1.0
     5.576023121     0.013036421     0.013037020
     0.013036421     5.576023163     0.013037097
     0.013037020     0.013037097     5.576023216
     8
Direct
    -0.000529085    -0.000529008    -0.000528388
     0.256323096     0.256323136     0.256323126
     0.499303542     0.499303642    -0.000176366
     0.756039365     0.756039320     0.256104579
     0.499303474    -0.000176747     0.499303567
     0.756039440     0.256104906     0.756038909
    -0.000176803     0.499303587     0.499303630
     0.256104890     0.756039353     0.756038968
---si---
       1.0
     5.520699869    -0.001520797    -0.001520693
    -0.001520797     5.520699905    -0.001520676
    -0.001520693    -0.001520676     5.520700010
     8
Direct
     0.002915005     0.002915032     0.002915137
     0.253563587     0.253563585     0.253563504
     0.502009152     0.502009162     0.002934024
     0.752586542     0.752586519     0.253645841
     0.502009214     0.002934012     0.502009251
     0.752586532     0.253645922     0.752586401
     0.002934034     0.502009271     0.502009261
     0.253645930     0.752586552     0.752586418
---si---
       1.0
     5.539469133     0.002043151     0.002041954
     0.002043151     5.539469180     0.002041958
     0.002041954     0.002041958     5.539469104
     8
Direct
     0.001619778     0.001619880     0.001619997
     0.251629920     0.251629963     0.251630665
     0.503936885     0.503936796     0.001902521
     0.754029404     0.754029455     0.251507493
     0.503936703     0.001902976     0.503936344
     0.754029681     0.251507626     0.754029519
     0.001902790     0.503936718     0.503936365
     0.251507667     0.754029639     0.754029523
---si---
       1.0
     5.525171291    -0.000671754    -0.000671960
    -0.000671754     5.525171329    -0.000671946
    -0.000671960    -0.000671946     5.525171391
     8
Direct
     0.002606441     0.002606487     0.002606595
     0.253102927     0.253102936     0.253103042
     0.502468398     0.502468385     0.002688288
     0.752930277     0.752930271     0.253136420
     0.502468402     0.002688387     0.502468344
     0.752930335     0.253136514     0.752930197
     0.002688360     0.502468449     0.502468357
     0.253136529     0.752930340     0.752930210
