---si---
       1.0
     5.437616273    -0.007794309    -0.007794323
    -0.007794309     5.437616292    -0.007794325
    -0.007794323    -0.007794325     5.437616227
     8
Direct
     0.004566118     0.004566116     0.004566126
     0.252334048     0.252334047     0.252333874
     0.503175973     0.503175954     0.004437423
     0.750929964     0.750929933     0.252579630
     0.503175925     0.004437617     0.503176022
     0.750929903     0.252579708     0.750929831
     0.004437579     0.503175936     0.503175990
     0.252579711     0.750929891     0.750929867
---si---
       1.0
     5.425363453    -0.005255454    -0.005255464
    -0.005255454     5.425363466    -0.005255465
    -0.005255464    -0.005255465     5.425363422
     8
Direct
     0.003078788     0.003078787     0.003078793
     0.252176982     0.252176980     0.252176864
     0.503347871     0.503347859     0.002992013
     0.752436666     0.752436646     0.252342570
     0.503347840     0.002992144     0.503347905
     0.752436625     0.252342622     0.752436577
     0.002992118     0.503347847     0.503347883
     0.252342624     0.752436617     0.752436601
---si---
       1.0
     5.458246509     0.004065598     0.004065556
     0.004065598     5.458246624     0.004065409
     0.004065556     0.004065409     5.458246472
     8
Direct
     0.002512192     0.002512167     0.002512202
     0.254626168     0.254626170     0.254625675
     0.500849114     0.500849055     0.002727361
     0.752879051     0.752879061     0.254486966
     0.500849006     0.002727371     0.500849000
     0.752879102     0.254486978     0.752878887
     0.002727338     0.500849060     0.500849017
     0.254486917     0.752879138     0.752878884
---si---
       1.0
     5.438338668    -0.001577491    -0.001577514
    -0.001577491     5.438338721    -0.001577572
    -0.001577514    -0.001577572     5.438338634
     8
Direct
     0.002855217     0.002855206     0.002855224
     0.253143398     0.253143398     0.253143132
     0.502361895     0.502361864     0.002887585
     0.752611226     0.752611217     0.253188720
     0.502361833     0.002887668     0.502361871
     0.752611221     0.253188756     0.752611107
     0.002887639     0.502361859     0.502361864
     0.253188733     0.752611230     0.752611120
---si---
       1.0
     5.452610812     0.001745272     0.001744348
     0.001745272     5.452610887     0.001744205
     0.001744348     0.001744205     5.452611244
     8
Direct
     0.002528148     0.002528284     0.002528133
     0.252364718     0.252364733     0.252365390
     0.503049357     0.503049378     0.002647901
     0.752987553     0.752987526     0.252321418
     0.503049279     0.002648316     0.503048523
     0.752987392     0.252321281     0.752987475
     0.002648281     0.503049346     0.503048580
     0.252321378     0.752987356     0.752987483
